***************************随机十篇微博的主题分布***************************
第0个主题的排名前20个文档：
第1407个文档的主题分布：
       0       1       2       3       4       5       6       7       8       9
  0.9889  0.0012  0.0012  0.0012  0.0012  0.0012  0.0012  0.0012  0.0012  0.0012
第6668个文档的主题分布：
       0       1       2       3       4       5       6       7       8       9
  0.9889  0.0012  0.0012  0.0012  0.0012  0.0012  0.0012  0.0012  0.0012  0.0012
第712个文档的主题分布：
       0       1       2       3       4       5       6       7       8       9
  0.9873  0.0014  0.0014  0.0014  0.0014  0.0014  0.0014  0.0014  0.0014  0.0014
第7258个文档的主题分布：
       0       1       2       3       4       5       6       7       8       9
  0.9873  0.0014  0.0014  0.0014  0.0014  0.0014  0.0014  0.0014  0.0014  0.0014
第7737个文档的主题分布：
       0       1       2       3       4       5       6       7       8       9
  0.9873  0.0014  0.0014  0.0014  0.0014  0.0014  0.0014  0.0014  0.0014  0.0014
第9995个文档的主题分布：
       0       1       2       3       4       5       6       7       8       9
  0.9852  0.0016  0.0016  0.0016  0.0016  0.0016  0.0016  0.0016  0.0016  0.0016
第874个文档的主题分布：
       0       1       2       3       4       5       6       7       8       9
  0.9824  0.0020  0.0020  0.0020  0.0020  0.0020  0.0020  0.0020  0.0020  0.0020
第1434个文档的主题分布：
       0       1       2       3       4       5       6       7       8       9
  0.9824  0.0020  0.0020  0.0020  0.0020  0.0020  0.0020  0.0020  0.0020  0.0020
第2518个文档的主题分布：
       0       1       2       3       4       5       6       7       8       9
  0.9824  0.0020  0.0020  0.0020  0.0020  0.0020  0.0020  0.0020  0.0020  0.0020
第5994个文档的主题分布：
       0       1       2       3       4       5       6       7       8       9
  0.9824  0.0020  0.0020  0.0020  0.0020  0.0020  0.0020  0.0020  0.0020  0.0020
第7235个文档的主题分布：
       0       1       2       3       4       5       6       7       8       9
  0.9824  0.0020  0.0020  0.0020  0.0020  0.0020  0.0020  0.0020  0.0020  0.0020
第1308个文档的主题分布：
       0       1       2       3       4       5       6       7       8       9
  0.9780  0.0024  0.0024  0.0024  0.0024  0.0024  0.0024  0.0024  0.0024  0.0024
第1493个文档的主题分布：
       0       1       2       3       4       5       6       7       8       9
  0.9780  0.0024  0.0024  0.0024  0.0024  0.0024  0.0024  0.0024  0.0024  0.0024
第1665个文档的主题分布：
       0       1       2       3       4       5       6       7       8       9
  0.9780  0.0024  0.0024  0.0024  0.0024  0.0024  0.0024  0.0024  0.0024  0.0024
第2534个文档的主题分布：
       0       1       2       3       4       5       6       7       8       9
  0.9780  0.0024  0.0024  0.0024  0.0024  0.0024  0.0024  0.0024  0.0024  0.0024
第3111个文档的主题分布：
       0       1       2       3       4       5       6       7       8       9
  0.9780  0.0024  0.0024  0.0024  0.0024  0.0024  0.0024  0.0024  0.0024  0.0024
第3850个文档的主题分布：
       0       1       2       3       4       5       6       7       8       9
  0.9780  0.0024  0.0024  0.0024  0.0024  0.0024  0.0024  0.0024  0.0024  0.0024
第4226个文档的主题分布：
       0       1       2       3       4       5       6       7       8       9
  0.9780  0.0024  0.0024  0.0024  0.0024  0.0024  0.0024  0.0024  0.0024  0.0024
第4613个文档的主题分布：
       0       1       2       3       4       5       6       7       8       9
  0.9780  0.0024  0.0024  0.0024  0.0024  0.0024  0.0024  0.0024  0.0024  0.0024
第9911个文档的主题分布：
       0       1       2       3       4       5       6       7       8       9
  0.9780  0.0024  0.0024  0.0024  0.0024  0.0024  0.0024  0.0024  0.0024  0.0024
第261个文档的主题分布：
       0       1       2       3       4       5       6       7       8       9
  0.9710  0.0032  0.0032  0.0032  0.0032  0.0032  0.0032  0.0032  0.0032  0.0032
第1个主题的排名前20个文档：
第68个文档的主题分布：
       1
  0.9970
第232个文档的主题分布：
       1
  0.9970
第4577个文档的主题分布：
       1
  0.9970
第5934个文档的主题分布：
       1
  0.9970
第3590个文档的主题分布：
       1
  0.9968
第6725个文档的主题分布：
       1
  0.9968
第8013个文档的主题分布：
       1
  0.9968
第36个文档的主题分布：
       1
  0.9967
第1486个文档的主题分布：
       1
  0.9967
第3476个文档的主题分布：
       1
  0.9967
第9289个文档的主题分布：
       1
  0.9967
第3260个文档的主题分布：
       1       0       2       3       4       5       6       7       8       9
  0.9901  0.0011  0.0011  0.0011  0.0011  0.0011  0.0011  0.0011  0.0011  0.0011
第3916个文档的主题分布：
       1       0       2       3       4       5       6       7       8       9
  0.9873  0.0014  0.0014  0.0014  0.0014  0.0014  0.0014  0.0014  0.0014  0.0014
第480个文档的主题分布：
       1       0       2       3       4       5       6       7       8       9
  0.9852  0.0016  0.0016  0.0016  0.0016  0.0016  0.0016  0.0016  0.0016  0.0016
第1815个文档的主题分布：
       1       0       2       3       4       5       6       7       8       9
  0.9852  0.0016  0.0016  0.0016  0.0016  0.0016  0.0016  0.0016  0.0016  0.0016
第5780个文档的主题分布：
       1       0       2       3       4       5       6       7       8       9
  0.9852  0.0016  0.0016  0.0016  0.0016  0.0016  0.0016  0.0016  0.0016  0.0016
第13个文档的主题分布：
       1       0       2       3       4       5       6       7       8       9
  0.9824  0.0020  0.0020  0.0020  0.0020  0.0020  0.0020  0.0020  0.0020  0.0020
第669个文档的主题分布：
       1       0       2       3       4       5       6       7       8       9
  0.9824  0.0020  0.0020  0.0020  0.0020  0.0020  0.0020  0.0020  0.0020  0.0020
第1400个文档的主题分布：
       1       0       2       3       4       5       6       7       8       9
  0.9824  0.0020  0.0020  0.0020  0.0020  0.0020  0.0020  0.0020  0.0020  0.0020
第1973个文档的主题分布：
       1       0       2       3       4       5       6       7       8       9
  0.9824  0.0020  0.0020  0.0020  0.0020  0.0020  0.0020  0.0020  0.0020  0.0020
第1979个文档的主题分布：
       1       0       2       3       4       5       6       7       8       9
  0.9824  0.0020  0.0020  0.0020  0.0020  0.0020  0.0020  0.0020  0.0020  0.0020
第2个主题的排名前20个文档：
第220个文档的主题分布：
       2
  0.9955
第221个文档的主题分布：
       2
  0.9955
第466个文档的主题分布：
       2
  0.9955
第469个文档的主题分布：
       2
  0.9955
第1569个文档的主题分布：
       2
  0.9955
第1587个文档的主题分布：
       2
  0.9955
第1669个文档的主题分布：
       2
  0.9955
第1891个文档的主题分布：
       2
  0.9955
第2032个文档的主题分布：
       2
  0.9955
第2710个文档的主题分布：
       2
  0.9955
第3133个文档的主题分布：
       2
  0.9955
第3526个文档的主题分布：
       2
  0.9955
第3560个文档的主题分布：
       2
  0.9955
第3588个文档的主题分布：
       2
  0.9955
第4261个文档的主题分布：
       2
  0.9955
第4829个文档的主题分布：
       2
  0.9955
第6592个文档的主题分布：
       2
  0.9955
第7658个文档的主题分布：
       2
  0.9955
第7660个文档的主题分布：
       2
  0.9955
第8434个文档的主题分布：
       2
  0.9955
第8804个文档的主题分布：
       2
  0.9955
第3个主题的排名前20个文档：
第138个文档的主题分布：
       3       0       1       2       4       5       6       7       8       9
  0.9901  0.0011  0.0011  0.0011  0.0011  0.0011  0.0011  0.0011  0.0011  0.0011
第190个文档的主题分布：
       3       0       1       2       4       5       6       7       8       9
  0.9901  0.0011  0.0011  0.0011  0.0011  0.0011  0.0011  0.0011  0.0011  0.0011
第130个文档的主题分布：
       3       0       1       2       4       5       6       7       8       9
  0.9889  0.0012  0.0012  0.0012  0.0012  0.0012  0.0012  0.0012  0.0012  0.0012
第146个文档的主题分布：
       3       0       1       2       4       5       6       7       8       9
  0.9873  0.0014  0.0014  0.0014  0.0014  0.0014  0.0014  0.0014  0.0014  0.0014
第4182个文档的主题分布：
       3       0       1       2       4       5       6       7       8       9
  0.9873  0.0014  0.0014  0.0014  0.0014  0.0014  0.0014  0.0014  0.0014  0.0014
第9640个文档的主题分布：
       3       0       1       2       4       5       6       7       8       9
  0.9873  0.0014  0.0014  0.0014  0.0014  0.0014  0.0014  0.0014  0.0014  0.0014
第9765个文档的主题分布：
       3       0       1       2       4       5       6       7       8       9
  0.9873  0.0014  0.0014  0.0014  0.0014  0.0014  0.0014  0.0014  0.0014  0.0014
第6138个文档的主题分布：
       3       0       1       2       4       5       6       7       8       9
  0.9852  0.0016  0.0016  0.0016  0.0016  0.0016  0.0016  0.0016  0.0016  0.0016
第8498个文档的主题分布：
       3       0       1       2       4       5       6       7       8       9
  0.9852  0.0016  0.0016  0.0016  0.0016  0.0016  0.0016  0.0016  0.0016  0.0016
第114个文档的主题分布：
       3       0       1       2       4       5       6       7       8       9
  0.9824  0.0020  0.0020  0.0020  0.0020  0.0020  0.0020  0.0020  0.0020  0.0020
第128个文档的主题分布：
       3       0       1       2       4       5       6       7       8       9
  0.9824  0.0020  0.0020  0.0020  0.0020  0.0020  0.0020  0.0020  0.0020  0.0020
第148个文档的主题分布：
       3       0       1       2       4       5       6       7       8       9
  0.9824  0.0020  0.0020  0.0020  0.0020  0.0020  0.0020  0.0020  0.0020  0.0020
第2677个文档的主题分布：
       3       0       1       2       4       5       6       7       8       9
  0.9824  0.0020  0.0020  0.0020  0.0020  0.0020  0.0020  0.0020  0.0020  0.0020
第2702个文档的主题分布：
       3       0       1       2       4       5       6       7       8       9
  0.9824  0.0020  0.0020  0.0020  0.0020  0.0020  0.0020  0.0020  0.0020  0.0020
第2703个文档的主题分布：
       3       0       1       2       4       5       6       7       8       9
  0.9824  0.0020  0.0020  0.0020  0.0020  0.0020  0.0020  0.0020  0.0020  0.0020
第3724个文档的主题分布：
       3       0       1       2       4       5       6       7       8       9
  0.9824  0.0020  0.0020  0.0020  0.0020  0.0020  0.0020  0.0020  0.0020  0.0020
第4064个文档的主题分布：
       3       0       1       2       4       5       6       7       8       9
  0.9824  0.0020  0.0020  0.0020  0.0020  0.0020  0.0020  0.0020  0.0020  0.0020
第4381个文档的主题分布：
       3       0       1       2       4       5       6       7       8       9
  0.9824  0.0020  0.0020  0.0020  0.0020  0.0020  0.0020  0.0020  0.0020  0.0020
第9808个文档的主题分布：
       3       0       1       2       4       5       6       7       8       9
  0.9824  0.0020  0.0020  0.0020  0.0020  0.0020  0.0020  0.0020  0.0020  0.0020
第9844个文档的主题分布：
       3       0       1       2       4       5       6       7       8       9
  0.9824  0.0020  0.0020  0.0020  0.0020  0.0020  0.0020  0.0020  0.0020  0.0020
第107个文档的主题分布：
       3       0       1       2       4       5       6       7       8       9
  0.9780  0.0024  0.0024  0.0024  0.0024  0.0024  0.0024  0.0024  0.0024  0.0024
第4个主题的排名前20个文档：
第5690个文档的主题分布：
       4       0       1       2       3       5       6       7       8       9
  0.9901  0.0011  0.0011  0.0011  0.0011  0.0011  0.0011  0.0011  0.0011  0.0011
第655个文档的主题分布：
       4       0       1       2       3       5       6       7       8       9
  0.9889  0.0012  0.0012  0.0012  0.0012  0.0012  0.0012  0.0012  0.0012  0.0012
第4971个文档的主题分布：
       4       0       1       2       3       5       6       7       8       9
  0.9889  0.0012  0.0012  0.0012  0.0012  0.0012  0.0012  0.0012  0.0012  0.0012
第3795个文档的主题分布：
       4       0       1       2       3       5       6       7       8       9
  0.9873  0.0014  0.0014  0.0014  0.0014  0.0014  0.0014  0.0014  0.0014  0.0014
第4593个文档的主题分布：
       4       0       1       2       3       5       6       7       8       9
  0.9873  0.0014  0.0014  0.0014  0.0014  0.0014  0.0014  0.0014  0.0014  0.0014
第7460个文档的主题分布：
       4       0       1       2       3       5       6       7       8       9
  0.9873  0.0014  0.0014  0.0014  0.0014  0.0014  0.0014  0.0014  0.0014  0.0014
第506个文档的主题分布：
       4       0       1       2       3       5       6       7       8       9
  0.9852  0.0016  0.0016  0.0016  0.0016  0.0016  0.0016  0.0016  0.0016  0.0016
第1264个文档的主题分布：
       4       0       1       2       3       5       6       7       8       9
  0.9852  0.0016  0.0016  0.0016  0.0016  0.0016  0.0016  0.0016  0.0016  0.0016
第1399个文档的主题分布：
       4       0       1       2       3       5       6       7       8       9
  0.9852  0.0016  0.0016  0.0016  0.0016  0.0016  0.0016  0.0016  0.0016  0.0016
第3281个文档的主题分布：
       4       0       1       2       3       5       6       7       8       9
  0.9852  0.0016  0.0016  0.0016  0.0016  0.0016  0.0016  0.0016  0.0016  0.0016
第572个文档的主题分布：
       4       0       1       2       3       5       6       7       8       9
  0.9824  0.0020  0.0020  0.0020  0.0020  0.0020  0.0020  0.0020  0.0020  0.0020
第574个文档的主题分布：
       4       0       1       2       3       5       6       7       8       9
  0.9824  0.0020  0.0020  0.0020  0.0020  0.0020  0.0020  0.0020  0.0020  0.0020
第4703个文档的主题分布：
       4       0       1       2       3       5       6       7       8       9
  0.9824  0.0020  0.0020  0.0020  0.0020  0.0020  0.0020  0.0020  0.0020  0.0020
第568个文档的主题分布：
       4       0       1       2       3       5       6       7       8       9
  0.9780  0.0024  0.0024  0.0024  0.0024  0.0024  0.0024  0.0024  0.0024  0.0024
第1082个文档的主题分布：
       4       0       1       2       3       5       6       7       8       9
  0.9780  0.0024  0.0024  0.0024  0.0024  0.0024  0.0024  0.0024  0.0024  0.0024
第1306个文档的主题分布：
       4       0       1       2       3       5       6       7       8       9
  0.9780  0.0024  0.0024  0.0024  0.0024  0.0024  0.0024  0.0024  0.0024  0.0024
第1403个文档的主题分布：
       4       0       1       2       3       5       6       7       8       9
  0.9780  0.0024  0.0024  0.0024  0.0024  0.0024  0.0024  0.0024  0.0024  0.0024
第3483个文档的主题分布：
       4       0       1       2       3       5       6       7       8       9
  0.9780  0.0024  0.0024  0.0024  0.0024  0.0024  0.0024  0.0024  0.0024  0.0024
第3675个文档的主题分布：
       4       0       1       2       3       5       6       7       8       9
  0.9780  0.0024  0.0024  0.0024  0.0024  0.0024  0.0024  0.0024  0.0024  0.0024
第4324个文档的主题分布：
       4       0       1       2       3       5       6       7       8       9
  0.9780  0.0024  0.0024  0.0024  0.0024  0.0024  0.0024  0.0024  0.0024  0.0024
第5391个文档的主题分布：
       4       0       1       2       3       5       6       7       8       9
  0.9780  0.0024  0.0024  0.0024  0.0024  0.0024  0.0024  0.0024  0.0024  0.0024
第5个主题的排名前20个文档：
第8137个文档的主题分布：
       5
  0.9931
第1014个文档的主题分布：
       5
  0.9926
第1016个文档的主题分布：
       5
  0.9926
第1022个文档的主题分布：
       5       0       1       2       3       4       6       7       8       9
  0.9889  0.0012  0.0012  0.0012  0.0012  0.0012  0.0012  0.0012  0.0012  0.0012
第4402个文档的主题分布：
       5       0       1       2       3       4       6       7       8       9
  0.9889  0.0012  0.0012  0.0012  0.0012  0.0012  0.0012  0.0012  0.0012  0.0012
第6154个文档的主题分布：
       5       0       1       2       3       4       6       7       8       9
  0.9873  0.0014  0.0014  0.0014  0.0014  0.0014  0.0014  0.0014  0.0014  0.0014
第82个文档的主题分布：
       9       5       0       1       2       3       4       6       7       8
  0.5417  0.4452  0.0016  0.0016  0.0016  0.0016  0.0016  0.0016  0.0016  0.0016
第361个文档的主题分布：
       5       0       1       2       3       4       6       7       8       9
  0.9852  0.0016  0.0016  0.0016  0.0016  0.0016  0.0016  0.0016  0.0016  0.0016
第1076个文档的主题分布：
       5       0       1       2       3       4       6       7       8       9
  0.9852  0.0016  0.0016  0.0016  0.0016  0.0016  0.0016  0.0016  0.0016  0.0016
第5717个文档的主题分布：
       5       0       1       2       3       4       6       7       8       9
  0.9852  0.0016  0.0016  0.0016  0.0016  0.0016  0.0016  0.0016  0.0016  0.0016
第6232个文档的主题分布：
       5       0       1       2       3       4       6       7       8       9
  0.9852  0.0016  0.0016  0.0016  0.0016  0.0016  0.0016  0.0016  0.0016  0.0016
第7552个文档的主题分布：
       5       0       1       2       3       4       6       7       8       9
  0.9852  0.0016  0.0016  0.0016  0.0016  0.0016  0.0016  0.0016  0.0016  0.0016
第774个文档的主题分布：
       5       0       1       2       3       4       6       7       8       9
  0.9824  0.0020  0.0020  0.0020  0.0020  0.0020  0.0020  0.0020  0.0020  0.0020
第799个文档的主题分布：
       5       0       1       2       3       4       6       7       8       9
  0.9824  0.0020  0.0020  0.0020  0.0020  0.0020  0.0020  0.0020  0.0020  0.0020
第1165个文档的主题分布：
       5       0       1       2       3       4       6       7       8       9
  0.9824  0.0020  0.0020  0.0020  0.0020  0.0020  0.0020  0.0020  0.0020  0.0020
第1183个文档的主题分布：
       5       0       1       2       3       4       6       7       8       9
  0.9824  0.0020  0.0020  0.0020  0.0020  0.0020  0.0020  0.0020  0.0020  0.0020
第2558个文档的主题分布：
       5       0       1       2       3       4       6       7       8       9
  0.9824  0.0020  0.0020  0.0020  0.0020  0.0020  0.0020  0.0020  0.0020  0.0020
第3369个文档的主题分布：
       5       0       1       2       3       4       6       7       8       9
  0.9824  0.0020  0.0020  0.0020  0.0020  0.0020  0.0020  0.0020  0.0020  0.0020
第3776个文档的主题分布：
       5       0       1       2       3       4       6       7       8       9
  0.9824  0.0020  0.0020  0.0020  0.0020  0.0020  0.0020  0.0020  0.0020  0.0020
第5182个文档的主题分布：
       5       0       1       2       3       4       6       7       8       9
  0.9824  0.0020  0.0020  0.0020  0.0020  0.0020  0.0020  0.0020  0.0020  0.0020
第5230个文档的主题分布：
       5       0       1       2       3       4       6       7       8       9
  0.9824  0.0020  0.0020  0.0020  0.0020  0.0020  0.0020  0.0020  0.0020  0.0020
第6个主题的排名前20个文档：
第1827个文档的主题分布：
       6
  0.9950
第3016个文档的主题分布：
       6
  0.9947
第1112个文档的主题分布：
       6
  0.9936
第8034个文档的主题分布：
       6
  0.9926
第58个文档的主题分布：
       6
  0.9911
第610个文档的主题分布：
       6       0       1       2       3       4       5       7       8       9
  0.9901  0.0011  0.0011  0.0011  0.0011  0.0011  0.0011  0.0011  0.0011  0.0011
第2060个文档的主题分布：
       6       0       1       2       3       4       5       7       8       9
  0.9901  0.0011  0.0011  0.0011  0.0011  0.0011  0.0011  0.0011  0.0011  0.0011
第758个文档的主题分布：
       6       0       1       2       3       4       5       7       8       9
  0.9889  0.0012  0.0012  0.0012  0.0012  0.0012  0.0012  0.0012  0.0012  0.0012
第9794个文档的主题分布：
       6       0       1       2       3       4       5       7       8       9
  0.9889  0.0012  0.0012  0.0012  0.0012  0.0012  0.0012  0.0012  0.0012  0.0012
第1312个文档的主题分布：
       6       0       1       2       3       4       5       7       8       9
  0.9873  0.0014  0.0014  0.0014  0.0014  0.0014  0.0014  0.0014  0.0014  0.0014
第1951个文档的主题分布：
       6       0       1       2       3       4       5       7       8       9
  0.9873  0.0014  0.0014  0.0014  0.0014  0.0014  0.0014  0.0014  0.0014  0.0014
第4969个文档的主题分布：
       6       0       1       2       3       4       5       7       8       9
  0.9873  0.0014  0.0014  0.0014  0.0014  0.0014  0.0014  0.0014  0.0014  0.0014
第5687个文档的主题分布：
       6       0       1       2       3       4       5       7       8       9
  0.9873  0.0014  0.0014  0.0014  0.0014  0.0014  0.0014  0.0014  0.0014  0.0014
第7238个文档的主题分布：
       6       0       1       2       3       4       5       7       8       9
  0.9873  0.0014  0.0014  0.0014  0.0014  0.0014  0.0014  0.0014  0.0014  0.0014
第8031个文档的主题分布：
       6       0       1       2       3       4       5       7       8       9
  0.9873  0.0014  0.0014  0.0014  0.0014  0.0014  0.0014  0.0014  0.0014  0.0014
第1432个文档的主题分布：
       6       0       1       2       3       4       5       7       8       9
  0.9852  0.0016  0.0016  0.0016  0.0016  0.0016  0.0016  0.0016  0.0016  0.0016
第2493个文档的主题分布：
       6       0       1       2       3       4       5       7       8       9
  0.9852  0.0016  0.0016  0.0016  0.0016  0.0016  0.0016  0.0016  0.0016  0.0016
第3595个文档的主题分布：
       6       0       1       2       3       4       5       7       8       9
  0.9852  0.0016  0.0016  0.0016  0.0016  0.0016  0.0016  0.0016  0.0016  0.0016
第5097个文档的主题分布：
       6       0       1       2       3       4       5       7       8       9
  0.9852  0.0016  0.0016  0.0016  0.0016  0.0016  0.0016  0.0016  0.0016  0.0016
第7409个文档的主题分布：
       6       0       1       2       3       4       5       7       8       9
  0.9852  0.0016  0.0016  0.0016  0.0016  0.0016  0.0016  0.0016  0.0016  0.0016
第78个文档的主题分布：
       6       0       1       2       3       4       5       7       8       9
  0.9824  0.0020  0.0020  0.0020  0.0020  0.0020  0.0020  0.0020  0.0020  0.0020
第7个主题的排名前20个文档：
第1928个文档的主题分布：
       7
  0.9936
第4473个文档的主题分布：
       7
  0.9926
第1502个文档的主题分布：
       7
  0.9919
第4477个文档的主题分布：
       7
  0.9919
第3642个文档的主题分布：
       7       0       1       2       3       4       5       6       8       9
  0.9901  0.0011  0.0011  0.0011  0.0011  0.0011  0.0011  0.0011  0.0011  0.0011
第2341个文档的主题分布：
       7       0       1       2       3       4       5       6       8       9
  0.9873  0.0014  0.0014  0.0014  0.0014  0.0014  0.0014  0.0014  0.0014  0.0014
第2342个文档的主题分布：
       7       0       1       2       3       4       5       6       8       9
  0.9873  0.0014  0.0014  0.0014  0.0014  0.0014  0.0014  0.0014  0.0014  0.0014
第2343个文档的主题分布：
       7       0       1       2       3       4       5       6       8       9
  0.9873  0.0014  0.0014  0.0014  0.0014  0.0014  0.0014  0.0014  0.0014  0.0014
第2344个文档的主题分布：
       7       0       1       2       3       4       5       6       8       9
  0.9873  0.0014  0.0014  0.0014  0.0014  0.0014  0.0014  0.0014  0.0014  0.0014
第2345个文档的主题分布：
       7       0       1       2       3       4       5       6       8       9
  0.9873  0.0014  0.0014  0.0014  0.0014  0.0014  0.0014  0.0014  0.0014  0.0014
第2349个文档的主题分布：
       7       0       1       2       3       4       5       6       8       9
  0.9873  0.0014  0.0014  0.0014  0.0014  0.0014  0.0014  0.0014  0.0014  0.0014
第2350个文档的主题分布：
       7       0       1       2       3       4       5       6       8       9
  0.9873  0.0014  0.0014  0.0014  0.0014  0.0014  0.0014  0.0014  0.0014  0.0014
第5382个文档的主题分布：
       7       0       1       2       3       4       5       6       8       9
  0.9873  0.0014  0.0014  0.0014  0.0014  0.0014  0.0014  0.0014  0.0014  0.0014
第5807个文档的主题分布：
       7       0       1       2       3       4       5       6       8       9
  0.9873  0.0014  0.0014  0.0014  0.0014  0.0014  0.0014  0.0014  0.0014  0.0014
第2346个文档的主题分布：
       7       0       1       2       3       4       5       6       8       9
  0.9824  0.0020  0.0020  0.0020  0.0020  0.0020  0.0020  0.0020  0.0020  0.0020
第2347个文档的主题分布：
       7       0       1       2       3       4       5       6       8       9
  0.9824  0.0020  0.0020  0.0020  0.0020  0.0020  0.0020  0.0020  0.0020  0.0020
第2348个文档的主题分布：
       7       0       1       2       3       4       5       6       8       9
  0.9824  0.0020  0.0020  0.0020  0.0020  0.0020  0.0020  0.0020  0.0020  0.0020
第2411个文档的主题分布：
       7       0       1       2       3       4       5       6       8       9
  0.9780  0.0024  0.0024  0.0024  0.0024  0.0024  0.0024  0.0024  0.0024  0.0024
第7907个文档的主题分布：
       7       0       1       2       3       4       5       6       8       9
  0.9780  0.0024  0.0024  0.0024  0.0024  0.0024  0.0024  0.0024  0.0024  0.0024
第8272个文档的主题分布：
       7       0       1       2       3       4       5       6       8       9
  0.9780  0.0024  0.0024  0.0024  0.0024  0.0024  0.0024  0.0024  0.0024  0.0024
第968个文档的主题分布：
       7       0       1       2       3       4       5       6       8       9
  0.9780  0.0024  0.0024  0.0024  0.0024  0.0024  0.0024  0.0024  0.0024  0.0024
第8个主题的排名前20个文档：
第328个文档的主题分布：
       8
  0.9926
第7002个文档的主题分布：
       8
  0.9926
第2438个文档的主题分布：
       8
  0.9919
第3031个文档的主题分布：
       8
  0.9919
第4345个文档的主题分布：
       8
  0.9919
第8676个文档的主题分布：
       8
  0.9919
第2274个文档的主题分布：
       8
  0.9911
第1431个文档的主题分布：
       8       0       1       2       3       4       5       6       7       9
  0.9901  0.0011  0.0011  0.0011  0.0011  0.0011  0.0011  0.0011  0.0011  0.0011
第3574个文档的主题分布：
       8       0       1       2       3       4       5       6       7       9
  0.9901  0.0011  0.0011  0.0011  0.0011  0.0011  0.0011  0.0011  0.0011  0.0011
第8968个文档的主题分布：
       8       0       1       2       3       4       5       6       7       9
  0.9901  0.0011  0.0011  0.0011  0.0011  0.0011  0.0011  0.0011  0.0011  0.0011
第484个文档的主题分布：
       8       0       1       2       3       4       5       6       7       9
  0.9889  0.0012  0.0012  0.0012  0.0012  0.0012  0.0012  0.0012  0.0012  0.0012
第1435个文档的主题分布：
       8       0       1       2       3       4       5       6       7       9
  0.9889  0.0012  0.0012  0.0012  0.0012  0.0012  0.0012  0.0012  0.0012  0.0012
第2771个文档的主题分布：
       8       0       1       2       3       4       5       6       7       9
  0.9889  0.0012  0.0012  0.0012  0.0012  0.0012  0.0012  0.0012  0.0012  0.0012
第4569个文档的主题分布：
       8       0       1       2       3       4       5       6       7       9
  0.9889  0.0012  0.0012  0.0012  0.0012  0.0012  0.0012  0.0012  0.0012  0.0012
第1224个文档的主题分布：
       8       0       1       2       3       4       5       6       7       9
  0.9873  0.0014  0.0014  0.0014  0.0014  0.0014  0.0014  0.0014  0.0014  0.0014
第2211个文档的主题分布：
       8       0       1       2       3       4       5       6       7       9
  0.9873  0.0014  0.0014  0.0014  0.0014  0.0014  0.0014  0.0014  0.0014  0.0014
第6795个文档的主题分布：
       8       0       1       2       3       4       5       6       7       9
  0.9873  0.0014  0.0014  0.0014  0.0014  0.0014  0.0014  0.0014  0.0014  0.0014
第946个文档的主题分布：
       8       0       1       2       3       4       5       6       7       9
  0.9852  0.0016  0.0016  0.0016  0.0016  0.0016  0.0016  0.0016  0.0016  0.0016
第1433个文档的主题分布：
       8       0       1       2       3       4       5       6       7       9
  0.9852  0.0016  0.0016  0.0016  0.0016  0.0016  0.0016  0.0016  0.0016  0.0016
第1581个文档的主题分布：
       8       0       1       2       3       4       5       6       7       9
  0.9852  0.0016  0.0016  0.0016  0.0016  0.0016  0.0016  0.0016  0.0016  0.0016
第1722个文档的主题分布：
       8       0       1       2       3       4       5       6       7       9
  0.9852  0.0016  0.0016  0.0016  0.0016  0.0016  0.0016  0.0016  0.0016  0.0016
第9个主题的排名前20个文档：
第1129个文档的主题分布：
       9
  0.9911
第1130个文档的主题分布：
       9
  0.9911
第1131个文档的主题分布：
       9
  0.9911
第477个文档的主题分布：
       9       0       1       2       3       4       5       6       7       8
  0.9901  0.0011  0.0011  0.0011  0.0011  0.0011  0.0011  0.0011  0.0011  0.0011
第1154个文档的主题分布：
       9       0       1       2       3       4       5       6       7       8
  0.9873  0.0014  0.0014  0.0014  0.0014  0.0014  0.0014  0.0014  0.0014  0.0014
第2574个文档的主题分布：
       9       0       1       2       3       4       5       6       7       8
  0.9873  0.0014  0.0014  0.0014  0.0014  0.0014  0.0014  0.0014  0.0014  0.0014
第2593个文档的主题分布：
       9       0       1       2       3       4       5       6       7       8
  0.9873  0.0014  0.0014  0.0014  0.0014  0.0014  0.0014  0.0014  0.0014  0.0014
第8970个文档的主题分布：
       9       0       1       2       3       4       5       6       7       8
  0.9873  0.0014  0.0014  0.0014  0.0014  0.0014  0.0014  0.0014  0.0014  0.0014
第656个文档的主题分布：
       9       0       1       2       3       4       5       6       7       8
  0.9852  0.0016  0.0016  0.0016  0.0016  0.0016  0.0016  0.0016  0.0016  0.0016
第1661个文档的主题分布：
       9       0       1       2       3       4       5       6       7       8
  0.9852  0.0016  0.0016  0.0016  0.0016  0.0016  0.0016  0.0016  0.0016  0.0016
第1840个文档的主题分布：
       9       0       1       2       3       4       5       6       7       8
  0.9852  0.0016  0.0016  0.0016  0.0016  0.0016  0.0016  0.0016  0.0016  0.0016
第7968个文档的主题分布：
       9       0       1       2       3       4       5       6       7       8
  0.9852  0.0016  0.0016  0.0016  0.0016  0.0016  0.0016  0.0016  0.0016  0.0016
第1046个文档的主题分布：
       9       0       1       2       3       4       5       6       7       8
  0.9824  0.0020  0.0020  0.0020  0.0020  0.0020  0.0020  0.0020  0.0020  0.0020
第1921个文档的主题分布：
       9       0       1       2       3       4       5       6       7       8
  0.9824  0.0020  0.0020  0.0020  0.0020  0.0020  0.0020  0.0020  0.0020  0.0020
第2907个文档的主题分布：
       9       0       1       2       3       4       5       6       7       8
  0.9824  0.0020  0.0020  0.0020  0.0020  0.0020  0.0020  0.0020  0.0020  0.0020
第5003个文档的主题分布：
       9       0       1       2       3       4       5       6       7       8
  0.9824  0.0020  0.0020  0.0020  0.0020  0.0020  0.0020  0.0020  0.0020  0.0020
第6991个文档的主题分布：
       9       0       1       2       3       4       5       6       7       8
  0.9824  0.0020  0.0020  0.0020  0.0020  0.0020  0.0020  0.0020  0.0020  0.0020
第9291个文档的主题分布：
       9       0       1       2       3       4       5       6       7       8
  0.9824  0.0020  0.0020  0.0020  0.0020  0.0020  0.0020  0.0020  0.0020  0.0020
第5018个文档的主题分布：
       9       0       1       2       3       4       5       6       7       8
  0.9780  0.0024  0.0024  0.0024  0.0024  0.0024  0.0024  0.0024  0.0024  0.0024
第5375个文档的主题分布：
       9       0       1       2       3       4       5       6       7       8
  0.9780  0.0024  0.0024  0.0024  0.0024  0.0024  0.0024  0.0024  0.0024  0.0024
第402个文档的主题分布：
       9       0       1       2       3       4       5       6       7       8
  0.9780  0.0024  0.0024  0.0024  0.0024  0.0024  0.0024  0.0024  0.0024  0.0024
***************************所有主题的单词分布***************************

主题#0：	
词：	等级	high	礼物	话费	碎片	专享	奖品	当时	享好	投票	
概率：	  0.0597  0.0435  0.0418  0.0403  0.0396  0.0221  0.0217  0.0211  0.0151  0.0138
主题#1：	
词：	卡片	背景	活动	网页	悄悄	致	分享	试试	手机	一个	
概率：	  0.0633  0.0472  0.0470  0.0469  0.0327  0.0313  0.0295  0.0285  0.0281  0.0251
主题#2：	
词：	红包	签到	惊喜	抽到	也许	更大	飞	Boomshakalaka	参与	财神	
概率：	  0.1434  0.0768  0.0463  0.0303  0.0225  0.0218  0.0200  0.0183  0.0166  0.0166
主题#3：	
词：	会员	五周年	领取	有礼	High	嘉年华	告诉	获得	嗨	专属	
概率：	  0.1001  0.0483  0.0405  0.0248  0.0242  0.0242  0.0196  0.0189  0.0177  0.0168
主题#4：	
词：	青春	换上	钱	生活	Young	人生	发现	孩子	保湿	加油	
概率：	  0.0634  0.0205  0.0194  0.0190  0.0183  0.0139  0.0102  0.0094  0.0072  0.0065
主题#5：	
词：	每天	喜欢	现在	关注	觉得	女人	对方	东西	哈哈哈	百度	
概率：	  0.0515  0.0242  0.0226  0.0140  0.0140  0.0080  0.0073  0.0072  0.0070  0.0070
主题#6：	
词：	吃	感觉	事情	中国	不想	家具	成功	丰富	外卖	化妆	
概率：	  0.0167  0.0131  0.0118  0.0103  0.0084  0.0070  0.0068  0.0065  0.0059  0.0058
主题#7：	
词：	这次	一定	幸福	TFBOYS	明星	超级	我刚	完美	榜	少许	
概率：	  0.0498  0.0149  0.0140  0.0096  0.0077  0.0077  0.0071  0.0070  0.0070  0.0059
主题#8：	
词：	网页	星星	朋友	看到	网	笑	恢复	发表	热门	说出	
概率：	  0.0205  0.0191  0.0158  0.0130  0.0111  0.0096  0.0068  0.0066  0.0063  0.0058
主题#9：	
词：	一起	挂件	头像	千纸鹤	爱	独特	今天	话题	体验	流量	
概率：	  0.0821  0.0628  0.0623  0.0306  0.0204  0.0200  0.0189  0.0127  0.0107  0.0105