***************************随机十篇微博的主题分布***************************
第0个主题的排名前20个文档：
第220个文档的主题分布：
       0
  0.9906
第221个文档的主题分布：
       0
  0.9906
第466个文档的主题分布：
       0
  0.9906
第1569个文档的主题分布：
       0
  0.9906
第1587个文档的主题分布：
       0
  0.9906
第1669个文档的主题分布：
       0
  0.9906
第1891个文档的主题分布：
       0
  0.9906
第2032个文档的主题分布：
       0
  0.9906
第2710个文档的主题分布：
       0
  0.9906
第3133个文档的主题分布：
       0
  0.9906
第3526个文档的主题分布：
       0
  0.9906
第3588个文档的主题分布：
       0
  0.9906
第4261个文档的主题分布：
       0
  0.9906
第4829个文档的主题分布：
       0
  0.9906
第6592个文档的主题分布：
       0
  0.9906
第7658个文档的主题分布：
       0
  0.9906
第7660个文档的主题分布：
       0
  0.9906
第8434个文档的主题分布：
       0
  0.9906
第8804个文档的主题分布：
       0
  0.9906
第8884个文档的主题分布：
       0
  0.9906
第9325个文档的主题分布：
       0
  0.9906
第1个主题的排名前20个文档：
第68个文档的主题分布：
       1
  0.9937
第232个文档的主题分布：
       1
  0.9937
第4577个文档的主题分布：
       1
  0.9937
第5934个文档的主题分布：
       1
  0.9937
第3590个文档的主题分布：
       1
  0.9933
第6725个文档的主题分布：
       1
  0.9933
第8013个文档的主题分布：
       1
  0.9933
第2593个文档的主题分布：
       1       0       2       3       4       5       6       7       8       9      10      11      12      13      14      15      16      17      18      19
  0.9736  0.0014  0.0014  0.0014  0.0014  0.0014  0.0014  0.0014  0.0014  0.0014
第7238个文档的主题分布：
       1       0       2       3       4       5       6       7       8       9      10      11      12      13      14      15      16      17      18      19
  0.9736  0.0014  0.0014  0.0014  0.0014  0.0014  0.0014  0.0014  0.0014  0.0014
第1400个文档的主题分布：
       1       0       2       3       4       5       6       7       8       9      10      11      12      13      14      15      16      17      18      19
  0.9635  0.0019  0.0019  0.0019  0.0019  0.0019  0.0019  0.0019  0.0019  0.0019
第569个文档的主题分布：
       1       0       2       3       4       5       6       7       8       9      10      11      12      13      14      15      16      17      18      19
  0.9548  0.0024  0.0024  0.0024  0.0024  0.0024  0.0024  0.0024  0.0024  0.0024
第4521个文档的主题分布：
       1       0       2       3       4       5       6       7       8       9      10      11      12      13      14      15      16      17      18      19
  0.9548  0.0024  0.0024  0.0024  0.0024  0.0024  0.0024  0.0024  0.0024  0.0024
第6951个文档的主题分布：
       1       0       2       3       4       5       6       7       8       9      10      11      12      13      14      15      16      17      18      19
  0.9548  0.0024  0.0024  0.0024  0.0024  0.0024  0.0024  0.0024  0.0024  0.0024
第808个文档的主题分布：
       1       0       2       3       4       5       6       7       8       9      10      11      12      13      14      15      16      17      18      19
  0.9406  0.0031  0.0031  0.0031  0.0031  0.0031  0.0031  0.0031  0.0031  0.0031
第1355个文档的主题分布：
       1       0       2       3       4       5       6       7       8       9      10      11      12      13      14      15      16      17      18      19
  0.9406  0.0031  0.0031  0.0031  0.0031  0.0031  0.0031  0.0031  0.0031  0.0031
第2585个文档的主题分布：
       1       0       2       3       4       5       6       7       8       9      10      11      12      13      14      15      16      17      18      19
  0.9406  0.0031  0.0031  0.0031  0.0031  0.0031  0.0031  0.0031  0.0031  0.0031
第4355个文档的主题分布：
       1       0       2       3       4       5       6       7       8       9      10      11      12      13      14      15      16      17      18      19
  0.9406  0.0031  0.0031  0.0031  0.0031  0.0031  0.0031  0.0031  0.0031  0.0031
第4561个文档的主题分布：
       1       0       2       3       4       5       6       7       8       9      10      11      12      13      14      15      16      17      18      19
  0.9406  0.0031  0.0031  0.0031  0.0031  0.0031  0.0031  0.0031  0.0031  0.0031
第5279个文档的主题分布：
       1       0       2       3       4       5       6       7       8       9      10      11      12      13      14      15      16      17      18      19
  0.9406  0.0031  0.0031  0.0031  0.0031  0.0031  0.0031  0.0031  0.0031  0.0031
第5302个文档的主题分布：
       1       0       2       3       4       5       6       7       8       9      10      11      12      13      14      15      16      17      18      19
  0.9406  0.0031  0.0031  0.0031  0.0031  0.0031  0.0031  0.0031  0.0031  0.0031
第9728个文档的主题分布：
       1       0       2       3       4       5       6       7       8       9      10      11      12      13      14      15      16      17      18      19
  0.9406  0.0031  0.0031  0.0031  0.0031  0.0031  0.0031  0.0031  0.0031  0.0031
第2个主题的排名前20个文档：
第5687个文档的主题分布：
       2       0       1       3       4       5       6       7       8       9      10      11      12      13      14      15      16      17      18      19
  0.9736  0.0014  0.0014  0.0014  0.0014  0.0014  0.0014  0.0014  0.0014  0.0014
第1840个文档的主题分布：
       2       0       1       3       4       5       6       7       8       9      10      11      12      13      14      15      16      17      18      19
  0.9694  0.0016  0.0016  0.0016  0.0016  0.0016  0.0016  0.0016  0.0016  0.0016
第1046个文档的主题分布：
       2       0       1       3       4       5       6       7       8       9      10      11      12      13      14      15      16      17      18      19
  0.9635  0.0019  0.0019  0.0019  0.0019  0.0019  0.0019  0.0019  0.0019  0.0019
第2907个文档的主题分布：
       2       0       1       3       4       5       6       7       8       9      10      11      12      13      14      15      16      17      18      19
  0.9635  0.0019  0.0019  0.0019  0.0019  0.0019  0.0019  0.0019  0.0019  0.0019
第3285个文档的主题分布：
       2       0       1       3       4       5       6       7       8       9      10      11      12      13      14      15      16      17      18      19
  0.9635  0.0019  0.0019  0.0019  0.0019  0.0019  0.0019  0.0019  0.0019  0.0019
第3845个文档的主题分布：
       2       0       1       3       4       5       6       7       8       9      10      11      12      13      14      15      16      17      18      19
  0.9635  0.0019  0.0019  0.0019  0.0019  0.0019  0.0019  0.0019  0.0019  0.0019
第8612个文档的主题分布：
       2       0       1       3       4       5       6       7       8       9      10      11      12      13      14      15      16      17      18      19
  0.9635  0.0019  0.0019  0.0019  0.0019  0.0019  0.0019  0.0019  0.0019  0.0019
第96个文档的主题分布：
       2       0       1       3       4       5       6       7       8       9      10      11      12      13      14      15      16      17      18      19
  0.9548  0.0024  0.0024  0.0024  0.0024  0.0024  0.0024  0.0024  0.0024  0.0024
第98个文档的主题分布：
       2       0       1       3       4       5       6       7       8       9      10      11      12      13      14      15      16      17      18      19
  0.9548  0.0024  0.0024  0.0024  0.0024  0.0024  0.0024  0.0024  0.0024  0.0024
第788个文档的主题分布：
       2       0       1       3       4       5       6       7       8       9      10      11      12      13      14      15      16      17      18      19
  0.9548  0.0024  0.0024  0.0024  0.0024  0.0024  0.0024  0.0024  0.0024  0.0024
第1172个文档的主题分布：
       2       0       1       3       4       5       6       7       8       9      10      11      12      13      14      15      16      17      18      19
  0.9548  0.0024  0.0024  0.0024  0.0024  0.0024  0.0024  0.0024  0.0024  0.0024
第4324个文档的主题分布：
       2       0       1       3       4       5       6       7       8       9      10      11      12      13      14      15      16      17      18      19
  0.9548  0.0024  0.0024  0.0024  0.0024  0.0024  0.0024  0.0024  0.0024  0.0024
第4935个文档的主题分布：
       2       0       1       3       4       5       6       7       8       9      10      11      12      13      14      15      16      17      18      19
  0.9548  0.0024  0.0024  0.0024  0.0024  0.0024  0.0024  0.0024  0.0024  0.0024
第4936个文档的主题分布：
       2       0       1       3       4       5       6       7       8       9      10      11      12      13      14      15      16      17      18      19
  0.9548  0.0024  0.0024  0.0024  0.0024  0.0024  0.0024  0.0024  0.0024  0.0024
第7194个文档的主题分布：
       2       0       1       3       4       5       6       7       8       9      10      11      12      13      14      15      16      17      18      19
  0.9548  0.0024  0.0024  0.0024  0.0024  0.0024  0.0024  0.0024  0.0024  0.0024
第7680个文档的主题分布：
       2       0       1       3       4       5       6       7       8       9      10      11      12      13      14      15      16      17      18      19
  0.9548  0.0024  0.0024  0.0024  0.0024  0.0024  0.0024  0.0024  0.0024  0.0024
第7796个文档的主题分布：
       2       0       1       3       4       5       6       7       8       9      10      11      12      13      14      15      16      17      18      19
  0.9548  0.0024  0.0024  0.0024  0.0024  0.0024  0.0024  0.0024  0.0024  0.0024
第9822个文档的主题分布：
       2       0       1       3       4       5       6       7       8       9      10      11      12      13      14      15      16      17      18      19
  0.9548  0.0024  0.0024  0.0024  0.0024  0.0024  0.0024  0.0024  0.0024  0.0024
第57个文档的主题分布：
       2       0       1       3       4       5       6       7       8       9      10      11      12      13      14      15      16      17      18      19
  0.9406  0.0031  0.0031  0.0031  0.0031  0.0031  0.0031  0.0031  0.0031  0.0031
第88个文档的主题分布：
       2       0       1       3       4       5       6       7       8       9      10      11      12      13      14      15      16      17      18      19
  0.9406  0.0031  0.0031  0.0031  0.0031  0.0031  0.0031  0.0031  0.0031  0.0031
第819个文档的主题分布：
       2       0       1       3       4       5       6       7       8       9      10      11      12      13      14      15      16      17      18      19
  0.9406  0.0031  0.0031  0.0031  0.0031  0.0031  0.0031  0.0031  0.0031  0.0031
第3个主题的排名前20个文档：
第3292个文档的主题分布：
       3
  0.9883
第84个文档的主题分布：
       3       0       1       2       4       5       6       7       8       9      10      11      12      13      14      15      16      17      18      19
  0.9768  0.0012  0.0012  0.0012  0.0012  0.0012  0.0012  0.0012  0.0012  0.0012
第4569个文档的主题分布：
       3       0       1       2       4       5       6       7       8       9      10      11      12      13      14      15      16      17      18      19
  0.9768  0.0012  0.0012  0.0012  0.0012  0.0012  0.0012  0.0012  0.0012  0.0012
第8031个文档的主题分布：
       3       0       1       2       4       5       6       7       8       9      10      11      12      13      14      15      16      17      18      19
  0.9736  0.0014  0.0014  0.0014  0.0014  0.0014  0.0014  0.0014  0.0014  0.0014
第1582个文档的主题分布：
       3       0       1       2       4       5       6       7       8       9      10      11      12      13      14      15      16      17      18      19
  0.9694  0.0016  0.0016  0.0016  0.0016  0.0016  0.0016  0.0016  0.0016  0.0016
第1656个文档的主题分布：
       3       0       1       2       4       5       6       7       8       9      10      11      12      13      14      15      16      17      18      19
  0.9694  0.0016  0.0016  0.0016  0.0016  0.0016  0.0016  0.0016  0.0016  0.0016
第7192个文档的主题分布：
       3       0       1       2       4       5       6       7       8       9      10      11      12      13      14      15      16      17      18      19
  0.9694  0.0016  0.0016  0.0016  0.0016  0.0016  0.0016  0.0016  0.0016  0.0016
第2153个文档的主题分布：
       3       0       1       2       4       5       6       7       8       9      10      11      12      13      14      15      16      17      18      19
  0.9635  0.0019  0.0019  0.0019  0.0019  0.0019  0.0019  0.0019  0.0019  0.0019
第8857个文档的主题分布：
       3       0       1       2       4       5       6       7       8       9      10      11      12      13      14      15      16      17      18      19
  0.9635  0.0019  0.0019  0.0019  0.0019  0.0019  0.0019  0.0019  0.0019  0.0019
第8858个文档的主题分布：
       3       0       1       2       4       5       6       7       8       9      10      11      12      13      14      15      16      17      18      19
  0.9635  0.0019  0.0019  0.0019  0.0019  0.0019  0.0019  0.0019  0.0019  0.0019
第1695个文档的主题分布：
       3       0       1       2       4       5       6       7       8       9      10      11      12      13      14      15      16      17      18      19
  0.9548  0.0024  0.0024  0.0024  0.0024  0.0024  0.0024  0.0024  0.0024  0.0024
第1739个文档的主题分布：
       3       0       1       2       4       5       6       7       8       9      10      11      12      13      14      15      16      17      18      19
  0.9548  0.0024  0.0024  0.0024  0.0024  0.0024  0.0024  0.0024  0.0024  0.0024
第2576个文档的主题分布：
       3       0       1       2       4       5       6       7       8       9      10      11      12      13      14      15      16      17      18      19
  0.9548  0.0024  0.0024  0.0024  0.0024  0.0024  0.0024  0.0024  0.0024  0.0024
第4613个文档的主题分布：
       3       0       1       2       4       5       6       7       8       9      10      11      12      13      14      15      16      17      18      19
  0.9548  0.0024  0.0024  0.0024  0.0024  0.0024  0.0024  0.0024  0.0024  0.0024
第7907个文档的主题分布：
       3       0       1       2       4       5       6       7       8       9      10      11      12      13      14      15      16      17      18      19
  0.9548  0.0024  0.0024  0.0024  0.0024  0.0024  0.0024  0.0024  0.0024  0.0024
第8272个文档的主题分布：
       3       0       1       2       4       5       6       7       8       9      10      11      12      13      14      15      16      17      18      19
  0.9548  0.0024  0.0024  0.0024  0.0024  0.0024  0.0024  0.0024  0.0024  0.0024
第9968个文档的主题分布：
       3       0       1       2       4       5       6       7       8       9      10      11      12      13      14      15      16      17      18      19
  0.9548  0.0024  0.0024  0.0024  0.0024  0.0024  0.0024  0.0024  0.0024  0.0024
第951个文档的主题分布：
       3       0       1       2       4       5       6       7       8       9      10      11      12      13      14      15      16      17      18      19
  0.9406  0.0031  0.0031  0.0031  0.0031  0.0031  0.0031  0.0031  0.0031  0.0031
第1518个文档的主题分布：
       3       0       1       2       4       5       6       7       8       9      10      11      12      13      14      15      16      17      18      19
  0.9406  0.0031  0.0031  0.0031  0.0031  0.0031  0.0031  0.0031  0.0031  0.0031
第2110个文档的主题分布：
       3       0       1       2       4       5       6       7       8       9      10      11      12      13      14      15      16      17      18      19
  0.9406  0.0031  0.0031  0.0031  0.0031  0.0031  0.0031  0.0031  0.0031  0.0031
第2251个文档的主题分布：
       3       0       1       2       4       5       6       7       8       9      10      11      12      13      14      15      16      17      18      19
  0.9406  0.0031  0.0031  0.0031  0.0031  0.0031  0.0031  0.0031  0.0031  0.0031
第4个主题的排名前20个文档：
第1014个文档的主题分布：
       4
  0.9844
第1016个文档的主题分布：
       4
  0.9844
第5059个文档的主题分布：
       4       0       1       2       3       5       6       7       8       9      10      11      12      13      14      15      16      17      18      19
  0.9793  0.0011  0.0011  0.0011  0.0011  0.0011  0.0011  0.0011  0.0011  0.0011
第1022个文档的主题分布：
       4       0       1       2       3       5       6       7       8       9      10      11      12      13      14      15      16      17      18      19
  0.9768  0.0012  0.0012  0.0012  0.0012  0.0012  0.0012  0.0012  0.0012  0.0012
第113个文档的主题分布：
       4       0       1       2       3       5       6       7       8       9      10      11      12      13      14      15      16      17      18      19
  0.9635  0.0019  0.0019  0.0019  0.0019  0.0019  0.0019  0.0019  0.0019  0.0019
第774个文档的主题分布：
       4       0       1       2       3       5       6       7       8       9      10      11      12      13      14      15      16      17      18      19
  0.9635  0.0019  0.0019  0.0019  0.0019  0.0019  0.0019  0.0019  0.0019  0.0019
第1183个文档的主题分布：
       4       0       1       2       3       5       6       7       8       9      10      11      12      13      14      15      16      17      18      19
  0.9635  0.0019  0.0019  0.0019  0.0019  0.0019  0.0019  0.0019  0.0019  0.0019
第348个文档的主题分布：
       4       0       1       2       3       5       6       7       8       9      10      11      12      13      14      15      16      17      18      19
  0.9548  0.0024  0.0024  0.0024  0.0024  0.0024  0.0024  0.0024  0.0024  0.0024
第395个文档的主题分布：
       4       0       1       2       3       5       6       7       8       9      10      11      12      13      14      15      16      17      18      19
  0.9548  0.0024  0.0024  0.0024  0.0024  0.0024  0.0024  0.0024  0.0024  0.0024
第1892个文档的主题分布：
       4       0       1       2       3       5       6       7       8       9      10      11      12      13      14      15      16      17      18      19
  0.9548  0.0024  0.0024  0.0024  0.0024  0.0024  0.0024  0.0024  0.0024  0.0024
第2213个文档的主题分布：
       4       0       1       2       3       5       6       7       8       9      10      11      12      13      14      15      16      17      18      19
  0.9548  0.0024  0.0024  0.0024  0.0024  0.0024  0.0024  0.0024  0.0024  0.0024
第2245个文档的主题分布：
       4       0       1       2       3       5       6       7       8       9      10      11      12      13      14      15      16      17      18      19
  0.9548  0.0024  0.0024  0.0024  0.0024  0.0024  0.0024  0.0024  0.0024  0.0024
第6915个文档的主题分布：
       4       0       1       2       3       5       6       7       8       9      10      11      12      13      14      15      16      17      18      19
  0.9548  0.0024  0.0024  0.0024  0.0024  0.0024  0.0024  0.0024  0.0024  0.0024
第8950个文档的主题分布：
       4       0       1       2       3       5       6       7       8       9      10      11      12      13      14      15      16      17      18      19
  0.9548  0.0024  0.0024  0.0024  0.0024  0.0024  0.0024  0.0024  0.0024  0.0024
第9037个文档的主题分布：
       4       0       1       2       3       5       6       7       8       9      10      11      12      13      14      15      16      17      18      19
  0.9548  0.0024  0.0024  0.0024  0.0024  0.0024  0.0024  0.0024  0.0024  0.0024
第1139个文档的主题分布：
       4       0       1       2       3       5       6       7       8       9      10      11      12      13      14      15      16      17      18      19
  0.9406  0.0031  0.0031  0.0031  0.0031  0.0031  0.0031  0.0031  0.0031  0.0031
第1278个文档的主题分布：
       4       0       1       2       3       5       6       7       8       9      10      11      12      13      14      15      16      17      18      19
  0.9406  0.0031  0.0031  0.0031  0.0031  0.0031  0.0031  0.0031  0.0031  0.0031
第2633个文档的主题分布：
       4       0       1       2       3       5       6       7       8       9      10      11      12      13      14      15      16      17      18      19
  0.9406  0.0031  0.0031  0.0031  0.0031  0.0031  0.0031  0.0031  0.0031  0.0031
第3453个文档的主题分布：
       4       0       1       2       3       5       6       7       8       9      10      11      12      13      14      15      16      17      18      19
  0.9406  0.0031  0.0031  0.0031  0.0031  0.0031  0.0031  0.0031  0.0031  0.0031
第4079个文档的主题分布：
       4       0       1       2       3       5       6       7       8       9      10      11      12      13      14      15      16      17      18      19
  0.9406  0.0031  0.0031  0.0031  0.0031  0.0031  0.0031  0.0031  0.0031  0.0031
第6218个文档的主题分布：
       4       0       1       2       3       5       6       7       8       9      10      11      12      13      14      15      16      17      18      19
  0.9406  0.0031  0.0031  0.0031  0.0031  0.0031  0.0031  0.0031  0.0031  0.0031
第5个主题的排名前20个文档：
第58个文档的主题分布：
       5
  0.9814
第1677个文档的主题分布：
       5
  0.9814
第5690个文档的主题分布：
       5       0       1       2       3       4       6       7       8       9      10      11      12      13      14      15      16      17      18      19
  0.9793  0.0011  0.0011  0.0011  0.0011  0.0011  0.0011  0.0011  0.0011  0.0011
第3916个文档的主题分布：
       5       0       1       2       3       4       6       7       8       9      10      11      12      13      14      15      16      17      18      19
  0.9736  0.0014  0.0014  0.0014  0.0014  0.0014  0.0014  0.0014  0.0014  0.0014
第4969个文档的主题分布：
       5       0       1       2       3       4       6       7       8       9      10      11      12      13      14      15      16      17      18      19
  0.9736  0.0014  0.0014  0.0014  0.0014  0.0014  0.0014  0.0014  0.0014  0.0014
第423个文档的主题分布：
       5       0       1       2       3       4       6       7       8       9      10      11      12      13      14      15      16      17      18      19
  0.9694  0.0016  0.0016  0.0016  0.0016  0.0016  0.0016  0.0016  0.0016  0.0016
第1581个文档的主题分布：
       5       0       1       2       3       4       6       7       8       9      10      11      12      13      14      15      16      17      18      19
  0.9694  0.0016  0.0016  0.0016  0.0016  0.0016  0.0016  0.0016  0.0016  0.0016
第13个文档的主题分布：
       5       0       1       2       3       4       6       7       8       9      10      11      12      13      14      15      16      17      18      19
  0.9635  0.0019  0.0019  0.0019  0.0019  0.0019  0.0019  0.0019  0.0019  0.0019
第681个文档的主题分布：
       5       0       1       2       3       4       6       7       8       9      10      11      12      13      14      15      16      17      18      19
  0.9635  0.0019  0.0019  0.0019  0.0019  0.0019  0.0019  0.0019  0.0019  0.0019
第3458个文档的主题分布：
       5       0       1       2       3       4       6       7       8       9      10      11      12      13      14      15      16      17      18      19
  0.9635  0.0019  0.0019  0.0019  0.0019  0.0019  0.0019  0.0019  0.0019  0.0019
第4703个文档的主题分布：
       5       0       1       2       3       4       6       7       8       9      10      11      12      13      14      15      16      17      18      19
  0.9635  0.0019  0.0019  0.0019  0.0019  0.0019  0.0019  0.0019  0.0019  0.0019
第419个文档的主题分布：
       5       0       1       2       3       4       6       7       8       9      10      11      12      13      14      15      16      17      18      19
  0.9548  0.0024  0.0024  0.0024  0.0024  0.0024  0.0024  0.0024  0.0024  0.0024
第971个文档的主题分布：
       5       0       1       2       3       4       6       7       8       9      10      11      12      13      14      15      16      17      18      19
  0.9548  0.0024  0.0024  0.0024  0.0024  0.0024  0.0024  0.0024  0.0024  0.0024
第1124个文档的主题分布：
       5       0       1       2       3       4       6       7       8       9      10      11      12      13      14      15      16      17      18      19
  0.9548  0.0024  0.0024  0.0024  0.0024  0.0024  0.0024  0.0024  0.0024  0.0024
第2533个文档的主题分布：
       5       0       1       2       3       4       6       7       8       9      10      11      12      13      14      15      16      17      18      19
  0.9548  0.0024  0.0024  0.0024  0.0024  0.0024  0.0024  0.0024  0.0024  0.0024
第2910个文档的主题分布：
       5       0       1       2       3       4       6       7       8       9      10      11      12      13      14      15      16      17      18      19
  0.9548  0.0024  0.0024  0.0024  0.0024  0.0024  0.0024  0.0024  0.0024  0.0024
第4041个文档的主题分布：
       5       0       1       2       3       4       6       7       8       9      10      11      12      13      14      15      16      17      18      19
  0.9548  0.0024  0.0024  0.0024  0.0024  0.0024  0.0024  0.0024  0.0024  0.0024
第6294个文档的主题分布：
       5       0       1       2       3       4       6       7       8       9      10      11      12      13      14      15      16      17      18      19
  0.9548  0.0024  0.0024  0.0024  0.0024  0.0024  0.0024  0.0024  0.0024  0.0024
第2130个文档的主题分布：
       5       9
  0.9481  0.0441
第539个文档的主题分布：
       5       0       1       2       3       4       6       7       8       9      10      11      12      13      14      15      16      17      18      19
  0.9406  0.0031  0.0031  0.0031  0.0031  0.0031  0.0031  0.0031  0.0031  0.0031
第677个文档的主题分布：
       5       0       1       2       3       4       6       7       8       9      10      11      12      13      14      15      16      17      18      19
  0.9406  0.0031  0.0031  0.0031  0.0031  0.0031  0.0031  0.0031  0.0031  0.0031
第6个主题的排名前20个文档：
第5382个文档的主题分布：
       6       0       1       2       3       4       5       7       8       9      10      11      12      13      14      15      16      17      18      19
  0.9736  0.0014  0.0014  0.0014  0.0014  0.0014  0.0014  0.0014  0.0014  0.0014
第9995个文档的主题分布：
       6       0       1       2       3       4       5       7       8       9      10      11      12      13      14      15      16      17      18      19
  0.9694  0.0016  0.0016  0.0016  0.0016  0.0016  0.0016  0.0016  0.0016  0.0016
第6645个文档的主题分布：
       6       0       1       2       3       4       5       7       8       9      10      11      12      13      14      15      16      17      18      19
  0.9635  0.0019  0.0019  0.0019  0.0019  0.0019  0.0019  0.0019  0.0019  0.0019
第7235个文档的主题分布：
       6       0       1       2       3       4       5       7       8       9      10      11      12      13      14      15      16      17      18      19
  0.9635  0.0019  0.0019  0.0019  0.0019  0.0019  0.0019  0.0019  0.0019  0.0019
第968个文档的主题分布：
       6       0       1       2       3       4       5       7       8       9      10      11      12      13      14      15      16      17      18      19
  0.9548  0.0024  0.0024  0.0024  0.0024  0.0024  0.0024  0.0024  0.0024  0.0024
第991个文档的主题分布：
       6       0       1       2       3       4       5       7       8       9      10      11      12      13      14      15      16      17      18      19
  0.9548  0.0024  0.0024  0.0024  0.0024  0.0024  0.0024  0.0024  0.0024  0.0024
第1665个文档的主题分布：
       6       0       1       2       3       4       5       7       8       9      10      11      12      13      14      15      16      17      18      19
  0.9548  0.0024  0.0024  0.0024  0.0024  0.0024  0.0024  0.0024  0.0024  0.0024
第1733个文档的主题分布：
       6       0       1       2       3       4       5       7       8       9      10      11      12      13      14      15      16      17      18      19
  0.9548  0.0024  0.0024  0.0024  0.0024  0.0024  0.0024  0.0024  0.0024  0.0024
第3850个文档的主题分布：
       6       0       1       2       3       4       5       7       8       9      10      11      12      13      14      15      16      17      18      19
  0.9548  0.0024  0.0024  0.0024  0.0024  0.0024  0.0024  0.0024  0.0024  0.0024
第8722个文档的主题分布：
       6       0       1       2       3       4       5       7       8       9      10      11      12      13      14      15      16      17      18      19
  0.9548  0.0024  0.0024  0.0024  0.0024  0.0024  0.0024  0.0024  0.0024  0.0024
第215个文档的主题分布：
       6       0       1       2       3       4       5       7       8       9      10      11      12      13      14      15      16      17      18      19
  0.9406  0.0031  0.0031  0.0031  0.0031  0.0031  0.0031  0.0031  0.0031  0.0031
第256个文档的主题分布：
       6       0       1       2       3       4       5       7       8       9      10      11      12      13      14      15      16      17      18      19
  0.9406  0.0031  0.0031  0.0031  0.0031  0.0031  0.0031  0.0031  0.0031  0.0031
第261个文档的主题分布：
       6       0       1       2       3       4       5       7       8       9      10      11      12      13      14      15      16      17      18      19
  0.9406  0.0031  0.0031  0.0031  0.0031  0.0031  0.0031  0.0031  0.0031  0.0031
第283个文档的主题分布：
       6       0       1       2       3       4       5       7       8       9      10      11      12      13      14      15      16      17      18      19
  0.9406  0.0031  0.0031  0.0031  0.0031  0.0031  0.0031  0.0031  0.0031  0.0031
第287个文档的主题分布：
       6       0       1       2       3       4       5       7       8       9      10      11      12      13      14      15      16      17      18      19
  0.9406  0.0031  0.0031  0.0031  0.0031  0.0031  0.0031  0.0031  0.0031  0.0031
第892个文档的主题分布：
       6       0       1       2       3       4       5       7       8       9      10      11      12      13      14      15      16      17      18      19
  0.9406  0.0031  0.0031  0.0031  0.0031  0.0031  0.0031  0.0031  0.0031  0.0031
第1261个文档的主题分布：
       6       0       1       2       3       4       5       7       8       9      10      11      12      13      14      15      16      17      18      19
  0.9406  0.0031  0.0031  0.0031  0.0031  0.0031  0.0031  0.0031  0.0031  0.0031
第1517个文档的主题分布：
       6       0       1       2       3       4       5       7       8       9      10      11      12      13      14      15      16      17      18      19
  0.9406  0.0031  0.0031  0.0031  0.0031  0.0031  0.0031  0.0031  0.0031  0.0031
第1749个文档的主题分布：
       6       0       1       2       3       4       5       7       8       9      10      11      12      13      14      15      16      17      18      19
  0.9406  0.0031  0.0031  0.0031  0.0031  0.0031  0.0031  0.0031  0.0031  0.0031
第2084个文档的主题分布：
       6       0       1       2       3       4       5       7       8       9      10      11      12      13      14      15      16      17      18      19
  0.9406  0.0031  0.0031  0.0031  0.0031  0.0031  0.0031  0.0031  0.0031  0.0031
第2269个文档的主题分布：
       6       0       1       2       3       4       5       7       8       9      10      11      12      13      14      15      16      17      18      19
  0.9406  0.0031  0.0031  0.0031  0.0031  0.0031  0.0031  0.0031  0.0031  0.0031
第7个主题的排名前20个文档：
第3574个文档的主题分布：
       7       0       1       2       3       4       5       6       8       9      10      11      12      13      14      15      16      17      18      19
  0.9793  0.0011  0.0011  0.0011  0.0011  0.0011  0.0011  0.0011  0.0011  0.0011
第1316个文档的主题分布：
       7       0       1       2       3       4       5       6       8       9      10      11      12      13      14      15      16      17      18      19
  0.9768  0.0012  0.0012  0.0012  0.0012  0.0012  0.0012  0.0012  0.0012  0.0012
第7987个文档的主题分布：
       7       0       1       2       3       4       5       6       8       9      10      11      12      13      14      15      16      17      18      19
  0.9768  0.0012  0.0012  0.0012  0.0012  0.0012  0.0012  0.0012  0.0012  0.0012
第2341个文档的主题分布：
       7       0       1       2       3       4       5       6       8       9      10      11      12      13      14      15      16      17      18      19
  0.9736  0.0014  0.0014  0.0014  0.0014  0.0014  0.0014  0.0014  0.0014  0.0014
第2342个文档的主题分布：
       7       0       1       2       3       4       5       6       8       9      10      11      12      13      14      15      16      17      18      19
  0.9736  0.0014  0.0014  0.0014  0.0014  0.0014  0.0014  0.0014  0.0014  0.0014
第2343个文档的主题分布：
       7       0       1       2       3       4       5       6       8       9      10      11      12      13      14      15      16      17      18      19
  0.9736  0.0014  0.0014  0.0014  0.0014  0.0014  0.0014  0.0014  0.0014  0.0014
第2344个文档的主题分布：
       7       0       1       2       3       4       5       6       8       9      10      11      12      13      14      15      16      17      18      19
  0.9736  0.0014  0.0014  0.0014  0.0014  0.0014  0.0014  0.0014  0.0014  0.0014
第2345个文档的主题分布：
       7       0       1       2       3       4       5       6       8       9      10      11      12      13      14      15      16      17      18      19
  0.9736  0.0014  0.0014  0.0014  0.0014  0.0014  0.0014  0.0014  0.0014  0.0014
第2349个文档的主题分布：
       7       0       1       2       3       4       5       6       8       9      10      11      12      13      14      15      16      17      18      19
  0.9736  0.0014  0.0014  0.0014  0.0014  0.0014  0.0014  0.0014  0.0014  0.0014
第2350个文档的主题分布：
       7       0       1       2       3       4       5       6       8       9      10      11      12      13      14      15      16      17      18      19
  0.9736  0.0014  0.0014  0.0014  0.0014  0.0014  0.0014  0.0014  0.0014  0.0014
第1076个文档的主题分布：
       7       0       1       2       3       4       5       6       8       9      10      11      12      13      14      15      16      17      18      19
  0.9694  0.0016  0.0016  0.0016  0.0016  0.0016  0.0016  0.0016  0.0016  0.0016
第3897个文档的主题分布：
       7       0       1       2       3       4       5       6       8       9      10      11      12      13      14      15      16      17      18      19
  0.9694  0.0016  0.0016  0.0016  0.0016  0.0016  0.0016  0.0016  0.0016  0.0016
第1215个文档的主题分布：
       7       0       1       2       3       4       5       6       8       9      10      11      12      13      14      15      16      17      18      19
  0.9635  0.0019  0.0019  0.0019  0.0019  0.0019  0.0019  0.0019  0.0019  0.0019
第1484个文档的主题分布：
       7       0       1       2       3       4       5       6       8       9      10      11      12      13      14      15      16      17      18      19
  0.9635  0.0019  0.0019  0.0019  0.0019  0.0019  0.0019  0.0019  0.0019  0.0019
第2134个文档的主题分布：
       7       0       1       2       3       4       5       6       8       9      10      11      12      13      14      15      16      17      18      19
  0.9635  0.0019  0.0019  0.0019  0.0019  0.0019  0.0019  0.0019  0.0019  0.0019
第3051个文档的主题分布：
       7       0       1       2       3       4       5       6       8       9      10      11      12      13      14      15      16      17      18      19
  0.9635  0.0019  0.0019  0.0019  0.0019  0.0019  0.0019  0.0019  0.0019  0.0019
第4704个文档的主题分布：
       7       0       1       2       3       4       5       6       8       9      10      11      12      13      14      15      16      17      18      19
  0.9635  0.0019  0.0019  0.0019  0.0019  0.0019  0.0019  0.0019  0.0019  0.0019
第5182个文档的主题分布：
       7       0       1       2       3       4       5       6       8       9      10      11      12      13      14      15      16      17      18      19
  0.9635  0.0019  0.0019  0.0019  0.0019  0.0019  0.0019  0.0019  0.0019  0.0019
第6018个文档的主题分布：
       7       0       1       2       3       4       5       6       8       9      10      11      12      13      14      15      16      17      18      19
  0.9635  0.0019  0.0019  0.0019  0.0019  0.0019  0.0019  0.0019  0.0019  0.0019
第7626个文档的主题分布：
       7       0       1       2       3       4       5       6       8       9      10      11      12      13      14      15      16      17      18      19
  0.9635  0.0019  0.0019  0.0019  0.0019  0.0019  0.0019  0.0019  0.0019  0.0019
第1983个文档的主题分布：
       7       0       1       2       3       4       5       6       8       9      10      11      12      13      14      15      16      17      18      19
  0.9548  0.0024  0.0024  0.0024  0.0024  0.0024  0.0024  0.0024  0.0024  0.0024
第8个主题的排名前20个文档：
第7737个文档的主题分布：
       8       0       1       2       3       4       5       6       7       9      10      11      12      13      14      15      16      17      18      19
  0.9736  0.0014  0.0014  0.0014  0.0014  0.0014  0.0014  0.0014  0.0014  0.0014
第1007个文档的主题分布：
       8       0       1       2       3       4       5       6       7       9      10      11      12      13      14      15      16      17      18      19
  0.9635  0.0019  0.0019  0.0019  0.0019  0.0019  0.0019  0.0019  0.0019  0.0019
第2702个文档的主题分布：
       8       0       1       2       3       4       5       6       7       9      10      11      12      13      14      15      16      17      18      19
  0.9635  0.0019  0.0019  0.0019  0.0019  0.0019  0.0019  0.0019  0.0019  0.0019
第2703个文档的主题分布：
       8       0       1       2       3       4       5       6       7       9      10      11      12      13      14      15      16      17      18      19
  0.9635  0.0019  0.0019  0.0019  0.0019  0.0019  0.0019  0.0019  0.0019  0.0019
第6162个文档的主题分布：
       8       0       1       2       3       4       5       6       7       9      10      11      12      13      14      15      16      17      18      19
  0.9635  0.0019  0.0019  0.0019  0.0019  0.0019  0.0019  0.0019  0.0019  0.0019
第986个文档的主题分布：
       8       0       1       2       3       4       5       6       7       9      10      11      12      13      14      15      16      17      18      19
  0.9548  0.0024  0.0024  0.0024  0.0024  0.0024  0.0024  0.0024  0.0024  0.0024
第987个文档的主题分布：
       8       0       1       2       3       4       5       6       7       9      10      11      12      13      14      15      16      17      18      19
  0.9548  0.0024  0.0024  0.0024  0.0024  0.0024  0.0024  0.0024  0.0024  0.0024
第988个文档的主题分布：
       8       0       1       2       3       4       5       6       7       9      10      11      12      13      14      15      16      17      18      19
  0.9548  0.0024  0.0024  0.0024  0.0024  0.0024  0.0024  0.0024  0.0024  0.0024
第990个文档的主题分布：
       8       0       1       2       3       4       5       6       7       9      10      11      12      13      14      15      16      17      18      19
  0.9548  0.0024  0.0024  0.0024  0.0024  0.0024  0.0024  0.0024  0.0024  0.0024
第1206个文档的主题分布：
       8       0       1       2       3       4       5       6       7       9      10      11      12      13      14      15      16      17      18      19
  0.9548  0.0024  0.0024  0.0024  0.0024  0.0024  0.0024  0.0024  0.0024  0.0024
第1232个文档的主题分布：
       8       0       1       2       3       4       5       6       7       9      10      11      12      13      14      15      16      17      18      19
  0.9548  0.0024  0.0024  0.0024  0.0024  0.0024  0.0024  0.0024  0.0024  0.0024
第1805个文档的主题分布：
       8       0       1       2       3       4       5       6       7       9      10      11      12      13      14      15      16      17      18      19
  0.9548  0.0024  0.0024  0.0024  0.0024  0.0024  0.0024  0.0024  0.0024  0.0024
第2697个文档的主题分布：
       8       0       1       2       3       4       5       6       7       9      10      11      12      13      14      15      16      17      18      19
  0.9548  0.0024  0.0024  0.0024  0.0024  0.0024  0.0024  0.0024  0.0024  0.0024
第3126个文档的主题分布：
       8       0       1       2       3       4       5       6       7       9      10      11      12      13      14      15      16      17      18      19
  0.9548  0.0024  0.0024  0.0024  0.0024  0.0024  0.0024  0.0024  0.0024  0.0024
第4226个文档的主题分布：
       8       0       1       2       3       4       5       6       7       9      10      11      12      13      14      15      16      17      18      19
  0.9548  0.0024  0.0024  0.0024  0.0024  0.0024  0.0024  0.0024  0.0024  0.0024
第4407个文档的主题分布：
       8       0       1       2       3       4       5       6       7       9      10      11      12      13      14      15      16      17      18      19
  0.9548  0.0024  0.0024  0.0024  0.0024  0.0024  0.0024  0.0024  0.0024  0.0024
第4629个文档的主题分布：
       8       0       1       2       3       4       5       6       7       9      10      11      12      13      14      15      16      17      18      19
  0.9548  0.0024  0.0024  0.0024  0.0024  0.0024  0.0024  0.0024  0.0024  0.0024
第7231个文档的主题分布：
       8       0       1       2       3       4       5       6       7       9      10      11      12      13      14      15      16      17      18      19
  0.9548  0.0024  0.0024  0.0024  0.0024  0.0024  0.0024  0.0024  0.0024  0.0024
第7233个文档的主题分布：
       8       0       1       2       3       4       5       6       7       9      10      11      12      13      14      15      16      17      18      19
  0.9548  0.0024  0.0024  0.0024  0.0024  0.0024  0.0024  0.0024  0.0024  0.0024
第7234个文档的主题分布：
       8       0       1       2       3       4       5       6       7       9      10      11      12      13      14      15      16      17      18      19
  0.9548  0.0024  0.0024  0.0024  0.0024  0.0024  0.0024  0.0024  0.0024  0.0024
第8269个文档的主题分布：
       8       0       1       2       3       4       5       6       7       9      10      11      12      13      14      15      16      17      18      19
  0.9548  0.0024  0.0024  0.0024  0.0024  0.0024  0.0024  0.0024  0.0024  0.0024
第9个主题的排名前20个文档：
第130个文档的主题分布：
       9       0       1       2       3       4       5       6       7       8      10      11      12      13      14      15      16      17      18      19
  0.9768  0.0012  0.0012  0.0012  0.0012  0.0012  0.0012  0.0012  0.0012  0.0012
第9640个文档的主题分布：
       9       0       1       2       3       4       5       6       7       8      10      11      12      13      14      15      16      17      18      19
  0.9736  0.0014  0.0014  0.0014  0.0014  0.0014  0.0014  0.0014  0.0014  0.0014
第128个文档的主题分布：
       9       0       1       2       3       4       5       6       7       8      10      11      12      13      14      15      16      17      18      19
  0.9635  0.0019  0.0019  0.0019  0.0019  0.0019  0.0019  0.0019  0.0019  0.0019
第148个文档的主题分布：
       9       0       1       2       3       4       5       6       7       8      10      11      12      13      14      15      16      17      18      19
  0.9635  0.0019  0.0019  0.0019  0.0019  0.0019  0.0019  0.0019  0.0019  0.0019
第3724个文档的主题分布：
       9       0       1       2       3       4       5       6       7       8      10      11      12      13      14      15      16      17      18      19
  0.9635  0.0019  0.0019  0.0019  0.0019  0.0019  0.0019  0.0019  0.0019  0.0019
第4064个文档的主题分布：
       9       0       1       2       3       4       5       6       7       8      10      11      12      13      14      15      16      17      18      19
  0.9635  0.0019  0.0019  0.0019  0.0019  0.0019  0.0019  0.0019  0.0019  0.0019
第4381个文档的主题分布：
       9       0       1       2       3       4       5       6       7       8      10      11      12      13      14      15      16      17      18      19
  0.9635  0.0019  0.0019  0.0019  0.0019  0.0019  0.0019  0.0019  0.0019  0.0019
第107个文档的主题分布：
       9       0       1       2       3       4       5       6       7       8      10      11      12      13      14      15      16      17      18      19
  0.9548  0.0024  0.0024  0.0024  0.0024  0.0024  0.0024  0.0024  0.0024  0.0024
第3135个文档的主题分布：
       9       0       1       2       3       4       5       6       7       8      10      11      12      13      14      15      16      17      18      19
  0.9548  0.0024  0.0024  0.0024  0.0024  0.0024  0.0024  0.0024  0.0024  0.0024
第6964个文档的主题分布：
       9       0       1       2       3       4       5       6       7       8      10      11      12      13      14      15      16      17      18      19
  0.9548  0.0024  0.0024  0.0024  0.0024  0.0024  0.0024  0.0024  0.0024  0.0024
第9050个文档的主题分布：
       9       0       1       2       3       4       5       6       7       8      10      11      12      13      14      15      16      17      18      19
  0.9548  0.0024  0.0024  0.0024  0.0024  0.0024  0.0024  0.0024  0.0024  0.0024
第9264个文档的主题分布：
       9       0       1       2       3       4       5       6       7       8      10      11      12      13      14      15      16      17      18      19
  0.9548  0.0024  0.0024  0.0024  0.0024  0.0024  0.0024  0.0024  0.0024  0.0024
第2194个文档的主题分布：
       9       0       1       2       3       4       5       6       7       8      10      11      12      13      14      15      16      17      18      19
  0.9406  0.0031  0.0031  0.0031  0.0031  0.0031  0.0031  0.0031  0.0031  0.0031
第2525个文档的主题分布：
       9       0       1       2       3       4       5       6       7       8      10      11      12      13      14      15      16      17      18      19
  0.9406  0.0031  0.0031  0.0031  0.0031  0.0031  0.0031  0.0031  0.0031  0.0031
第2529个文档的主题分布：
       9       0       1       2       3       4       5       6       7       8      10      11      12      13      14      15      16      17      18      19
  0.9406  0.0031  0.0031  0.0031  0.0031  0.0031  0.0031  0.0031  0.0031  0.0031
第3375个文档的主题分布：
       9       0       1       2       3       4       5       6       7       8      10      11      12      13      14      15      16      17      18      19
  0.9406  0.0031  0.0031  0.0031  0.0031  0.0031  0.0031  0.0031  0.0031  0.0031
第4938个文档的主题分布：
       9       0       1       2       3       4       5       6       7       8      10      11      12      13      14      15      16      17      18      19
  0.9406  0.0031  0.0031  0.0031  0.0031  0.0031  0.0031  0.0031  0.0031  0.0031
第5961个文档的主题分布：
       9       0       1       2       3       4       5       6       7       8      10      11      12      13      14      15      16      17      18      19
  0.9406  0.0031  0.0031  0.0031  0.0031  0.0031  0.0031  0.0031  0.0031  0.0031
第6263个文档的主题分布：
       9       0       1       2       3       4       5       6       7       8      10      11      12      13      14      15      16      17      18      19
  0.9406  0.0031  0.0031  0.0031  0.0031  0.0031  0.0031  0.0031  0.0031  0.0031
第106个文档的主题分布：
       9      19       0      18
  0.9146  0.0275  0.0269  0.0268
第10002个文档的主题分布：
       9      19       0      18
  0.9146  0.0275  0.0269  0.0268
第10个主题的排名前20个文档：
第4593个文档的主题分布：
      10       0       1       2       3       4       5       6       7       8       9      11      12      13      14      15      16      17      18      19
  0.9736  0.0014  0.0014  0.0014  0.0014  0.0014  0.0014  0.0014  0.0014  0.0014
第506个文档的主题分布：
      10       0       1       2       3       4       5       6       7       8       9      11      12      13      14      15      16      17      18      19
  0.9694  0.0016  0.0016  0.0016  0.0016  0.0016  0.0016  0.0016  0.0016  0.0016
第1264个文档的主题分布：
      10       0       1       2       3       4       5       6       7       8       9      11      12      13      14      15      16      17      18      19
  0.9694  0.0016  0.0016  0.0016  0.0016  0.0016  0.0016  0.0016  0.0016  0.0016
第572个文档的主题分布：
      10       0       1       2       3       4       5       6       7       8       9      11      12      13      14      15      16      17      18      19
  0.9635  0.0019  0.0019  0.0019  0.0019  0.0019  0.0019  0.0019  0.0019  0.0019
第1082个文档的主题分布：
      10       0       1       2       3       4       5       6       7       8       9      11      12      13      14      15      16      17      18      19
  0.9548  0.0024  0.0024  0.0024  0.0024  0.0024  0.0024  0.0024  0.0024  0.0024
第7498个文档的主题分布：
      10       0       1       2       3       4       5       6       7       8       9      11      12      13      14      15      16      17      18      19
  0.9548  0.0024  0.0024  0.0024  0.0024  0.0024  0.0024  0.0024  0.0024  0.0024
第526个文档的主题分布：
      10       0       1       2       3       4       5       6       7       8       9      11      12      13      14      15      16      17      18      19
  0.9406  0.0031  0.0031  0.0031  0.0031  0.0031  0.0031  0.0031  0.0031  0.0031
第595个文档的主题分布：
      10       0       1       2       3       4       5       6       7       8       9      11      12      13      14      15      16      17      18      19
  0.9406  0.0031  0.0031  0.0031  0.0031  0.0031  0.0031  0.0031  0.0031  0.0031
第1052个文档的主题分布：
      10       0       1       2       3       4       5       6       7       8       9      11      12      13      14      15      16      17      18      19
  0.9406  0.0031  0.0031  0.0031  0.0031  0.0031  0.0031  0.0031  0.0031  0.0031
第2272个文档的主题分布：
      10       0       1       2       3       4       5       6       7       8       9      11      12      13      14      15      16      17      18      19
  0.9406  0.0031  0.0031  0.0031  0.0031  0.0031  0.0031  0.0031  0.0031  0.0031
第4428个文档的主题分布：
      10       0       1       2       3       4       5       6       7       8       9      11      12      13      14      15      16      17      18      19
  0.9406  0.0031  0.0031  0.0031  0.0031  0.0031  0.0031  0.0031  0.0031  0.0031
第5060个文档的主题分布：
      10       0       1       2       3       4       5       6       7       8       9      11      12      13      14      15      16      17      18      19
  0.9406  0.0031  0.0031  0.0031  0.0031  0.0031  0.0031  0.0031  0.0031  0.0031
第5630个文档的主题分布：
      10       0       1       2       3       4       5       6       7       8       9      11      12      13      14      15      16      17      18      19
  0.9406  0.0031  0.0031  0.0031  0.0031  0.0031  0.0031  0.0031  0.0031  0.0031
第6896个文档的主题分布：
      10       0       1       2       3       4       5       6       7       8       9      11      12      13      14      15      16      17      18      19
  0.9406  0.0031  0.0031  0.0031  0.0031  0.0031  0.0031  0.0031  0.0031  0.0031
第8998个文档的主题分布：
      10       0       1       2       3       4       5       6       7       8       9      11      12      13      14      15      16      17      18      19
  0.9406  0.0031  0.0031  0.0031  0.0031  0.0031  0.0031  0.0031  0.0031  0.0031
第515个文档的主题分布：
      10       0       1       2       3       4       5       6       7       8       9      11      12      13      14      15      16      17      18      19
  0.9136  0.0045  0.0045  0.0045  0.0045  0.0045  0.0045  0.0045  0.0045  0.0045
第516个文档的主题分布：
      10       0       1       2       3       4       5       6       7       8       9      11      12      13      14      15      16      17      18      19
  0.9136  0.0045  0.0045  0.0045  0.0045  0.0045  0.0045  0.0045  0.0045  0.0045
第982个文档的主题分布：
      10       0       1       2       3       4       5       6       7       8       9      11      12      13      14      15      16      17      18      19
  0.9136  0.0045  0.0045  0.0045  0.0045  0.0045  0.0045  0.0045  0.0045  0.0045
第1175个文档的主题分布：
      10       0       1       2       3       4       5       6       7       8       9      11      12      13      14      15      16      17      18      19
  0.9136  0.0045  0.0045  0.0045  0.0045  0.0045  0.0045  0.0045  0.0045  0.0045
第1824个文档的主题分布：
      10       0       1       2       3       4       5       6       7       8       9      11      12      13      14      15      16      17      18      19
  0.9136  0.0045  0.0045  0.0045  0.0045  0.0045  0.0045  0.0045  0.0045  0.0045
第1941个文档的主题分布：
      10       0       1       2       3       4       5       6       7       8       9      11      12      13      14      15      16      17      18      19
  0.9136  0.0045  0.0045  0.0045  0.0045  0.0045  0.0045  0.0045  0.0045  0.0045
第11个主题的排名前20个文档：
第2438个文档的主题分布：
      11
  0.9830
第1224个文档的主题分布：
      11       0       1       2       3       4       5       6       7       8       9      10      12      13      14      15      16      17      18      19
  0.9736  0.0014  0.0014  0.0014  0.0014  0.0014  0.0014  0.0014  0.0014  0.0014
第3595个文档的主题分布：
      11       0       1       2       3       4       5       6       7       8       9      10      12      13      14      15      16      17      18      19
  0.9694  0.0016  0.0016  0.0016  0.0016  0.0016  0.0016  0.0016  0.0016  0.0016
第5097个文档的主题分布：
      11       0       1       2       3       4       5       6       7       8       9      10      12      13      14      15      16      17      18      19
  0.9694  0.0016  0.0016  0.0016  0.0016  0.0016  0.0016  0.0016  0.0016  0.0016
第7968个文档的主题分布：
      11       0       1       2       3       4       5       6       7       8       9      10      12      13      14      15      16      17      18      19
  0.9694  0.0016  0.0016  0.0016  0.0016  0.0016  0.0016  0.0016  0.0016  0.0016
第9447个文档的主题分布：
      11       0       1       2       3       4       5       6       7       8       9      10      12      13      14      15      16      17      18      19
  0.9694  0.0016  0.0016  0.0016  0.0016  0.0016  0.0016  0.0016  0.0016  0.0016
第402个文档的主题分布：
      11       0       1       2       3       4       5       6       7       8       9      10      12      13      14      15      16      17      18      19
  0.9548  0.0024  0.0024  0.0024  0.0024  0.0024  0.0024  0.0024  0.0024  0.0024
第2061个文档的主题分布：
      11       0       1       2       3       4       5       6       7       8       9      10      12      13      14      15      16      17      18      19
  0.9548  0.0024  0.0024  0.0024  0.0024  0.0024  0.0024  0.0024  0.0024  0.0024
第2534个文档的主题分布：
      11       0       1       2       3       4       5       6       7       8       9      10      12      13      14      15      16      17      18      19
  0.9548  0.0024  0.0024  0.0024  0.0024  0.0024  0.0024  0.0024  0.0024  0.0024
第5400个文档的主题分布：
      11       0       1       2       3       4       5       6       7       8       9      10      12      13      14      15      16      17      18      19
  0.9548  0.0024  0.0024  0.0024  0.0024  0.0024  0.0024  0.0024  0.0024  0.0024
第7472个文档的主题分布：
      11       0       1       2       3       4       5       6       7       8       9      10      12      13      14      15      16      17      18      19
  0.9548  0.0024  0.0024  0.0024  0.0024  0.0024  0.0024  0.0024  0.0024  0.0024
第8601个文档的主题分布：
      11       0       1       2       3       4       5       6       7       8       9      10      12      13      14      15      16      17      18      19
  0.9548  0.0024  0.0024  0.0024  0.0024  0.0024  0.0024  0.0024  0.0024  0.0024
第8602个文档的主题分布：
      11       0       1       2       3       4       5       6       7       8       9      10      12      13      14      15      16      17      18      19
  0.9548  0.0024  0.0024  0.0024  0.0024  0.0024  0.0024  0.0024  0.0024  0.0024
第717个文档的主题分布：
      11       0       1       2       3       4       5       6       7       8       9      10      12      13      14      15      16      17      18      19
  0.9406  0.0031  0.0031  0.0031  0.0031  0.0031  0.0031  0.0031  0.0031  0.0031
第863个文档的主题分布：
      11       0       1       2       3       4       5       6       7       8       9      10      12      13      14      15      16      17      18      19
  0.9406  0.0031  0.0031  0.0031  0.0031  0.0031  0.0031  0.0031  0.0031  0.0031
第1654个文档的主题分布：
      11       0       1       2       3       4       5       6       7       8       9      10      12      13      14      15      16      17      18      19
  0.9406  0.0031  0.0031  0.0031  0.0031  0.0031  0.0031  0.0031  0.0031  0.0031
第1888个文档的主题分布：
      11       0       1       2       3       4       5       6       7       8       9      10      12      13      14      15      16      17      18      19
  0.9406  0.0031  0.0031  0.0031  0.0031  0.0031  0.0031  0.0031  0.0031  0.0031
第2025个文档的主题分布：
      11       0       1       2       3       4       5       6       7       8       9      10      12      13      14      15      16      17      18      19
  0.9406  0.0031  0.0031  0.0031  0.0031  0.0031  0.0031  0.0031  0.0031  0.0031
第2925个文档的主题分布：
      11       0       1       2       3       4       5       6       7       8       9      10      12      13      14      15      16      17      18      19
  0.9406  0.0031  0.0031  0.0031  0.0031  0.0031  0.0031  0.0031  0.0031  0.0031
第3097个文档的主题分布：
      11       0       1       2       3       4       5       6       7       8       9      10      12      13      14      15      16      17      18      19
  0.9406  0.0031  0.0031  0.0031  0.0031  0.0031  0.0031  0.0031  0.0031  0.0031
第5038个文档的主题分布：
      11       0       1       2       3       4       5       6       7       8       9      10      12      13      14      15      16      17      18      19
  0.9406  0.0031  0.0031  0.0031  0.0031  0.0031  0.0031  0.0031  0.0031  0.0031
第12个主题的排名前20个文档：
第3016个文档的主题分布：
      12
  0.9890
第4473个文档的主题分布：
      12
  0.9844
第4477个文档的主题分布：
      12
  0.9830
第1435个文档的主题分布：
      12       0       1       2       3       4       5       6       7       8       9      10      11      13      14      15      16      17      18      19
  0.9768  0.0012  0.0012  0.0012  0.0012  0.0012  0.0012  0.0012  0.0012  0.0012
第5807个文档的主题分布：
      12       0       1       2       3       4       5       6       7       8       9      10      11      13      14      15      16      17      18      19
  0.9736  0.0014  0.0014  0.0014  0.0014  0.0014  0.0014  0.0014  0.0014  0.0014
第6795个文档的主题分布：
      12       0       1       2       3       4       5       6       7       8       9      10      11      13      14      15      16      17      18      19
  0.9736  0.0014  0.0014  0.0014  0.0014  0.0014  0.0014  0.0014  0.0014  0.0014
第946个文档的主题分布：
      12       0       1       2       3       4       5       6       7       8       9      10      11      13      14      15      16      17      18      19
  0.9694  0.0016  0.0016  0.0016  0.0016  0.0016  0.0016  0.0016  0.0016  0.0016
第1399个文档的主题分布：
      12       0       1       2       3       4       5       6       7       8       9      10      11      13      14      15      16      17      18      19
  0.9694  0.0016  0.0016  0.0016  0.0016  0.0016  0.0016  0.0016  0.0016  0.0016
第1432个文档的主题分布：
      12       0       1       2       3       4       5       6       7       8       9      10      11      13      14      15      16      17      18      19
  0.9694  0.0016  0.0016  0.0016  0.0016  0.0016  0.0016  0.0016  0.0016  0.0016
第1722个文档的主题分布：
      12       0       1       2       3       4       5       6       7       8       9      10      11      13      14      15      16      17      18      19
  0.9694  0.0016  0.0016  0.0016  0.0016  0.0016  0.0016  0.0016  0.0016  0.0016
第3281个文档的主题分布：
      12       0       1       2       3       4       5       6       7       8       9      10      11      13      14      15      16      17      18      19
  0.9694  0.0016  0.0016  0.0016  0.0016  0.0016  0.0016  0.0016  0.0016  0.0016
第5717个文档的主题分布：
      12       0       1       2       3       4       5       6       7       8       9      10      11      13      14      15      16      17      18      19
  0.9694  0.0016  0.0016  0.0016  0.0016  0.0016  0.0016  0.0016  0.0016  0.0016
第851个文档的主题分布：
      12       0       1       2       3       4       5       6       7       8       9      10      11      13      14      15      16      17      18      19
  0.9635  0.0019  0.0019  0.0019  0.0019  0.0019  0.0019  0.0019  0.0019  0.0019
第1434个文档的主题分布：
      12       0       1       2       3       4       5       6       7       8       9      10      11      13      14      15      16      17      18      19
  0.9635  0.0019  0.0019  0.0019  0.0019  0.0019  0.0019  0.0019  0.0019  0.0019
第1498个文档的主题分布：
      12       0       1       2       3       4       5       6       7       8       9      10      11      13      14      15      16      17      18      19
  0.9635  0.0019  0.0019  0.0019  0.0019  0.0019  0.0019  0.0019  0.0019  0.0019
第2518个文档的主题分布：
      12       0       1       2       3       4       5       6       7       8       9      10      11      13      14      15      16      17      18      19
  0.9635  0.0019  0.0019  0.0019  0.0019  0.0019  0.0019  0.0019  0.0019  0.0019
第7485个文档的主题分布：
      12       0       1       2       3       4       5       6       7       8       9      10      11      13      14      15      16      17      18      19
  0.9635  0.0019  0.0019  0.0019  0.0019  0.0019  0.0019  0.0019  0.0019  0.0019
第7533个文档的主题分布：
      12       0       1       2       3       4       5       6       7       8       9      10      11      13      14      15      16      17      18      19
  0.9635  0.0019  0.0019  0.0019  0.0019  0.0019  0.0019  0.0019  0.0019  0.0019
第87个文档的主题分布：
      12       0       1       2       3       4       5       6       7       8       9      10      11      13      14      15      16      17      18      19
  0.9548  0.0024  0.0024  0.0024  0.0024  0.0024  0.0024  0.0024  0.0024  0.0024
第543个文档的主题分布：
      16       0       1       2       3       4       5       6       7       8       9      10      11      12      13      14      15      17      18      19
  0.9548  0.0024  0.0024  0.0024  0.0024  0.0024  0.0024  0.0024  0.0024  0.0024
第832个文档的主题分布：
      12       0       1       2       3       4       5       6       7       8       9      10      11      13      14      15      16      17      18      19
  0.9548  0.0024  0.0024  0.0024  0.0024  0.0024  0.0024  0.0024  0.0024  0.0024
第13个主题的排名前20个文档：
第1827个文档的主题分布：
      13
  0.9896
第3642个文档的主题分布：
      13       0       1       2       3       4       5       6       7       8       9      10      11      12      14      15      16      17      18      19
  0.9793  0.0011  0.0011  0.0011  0.0011  0.0011  0.0011  0.0011  0.0011  0.0011
第655个文档的主题分布：
      13       0       1       2       3       4       5       6       7       8       9      10      11      12      14      15      16      17      18      19
  0.9768  0.0012  0.0012  0.0012  0.0012  0.0012  0.0012  0.0012  0.0012  0.0012
第4971个文档的主题分布：
      13       0       1       2       3       4       5       6       7       8       9      10      11      12      14      15      16      17      18      19
  0.9768  0.0012  0.0012  0.0012  0.0012  0.0012  0.0012  0.0012  0.0012  0.0012
第3795个文档的主题分布：
      13       0       1       2       3       4       5       6       7       8       9      10      11      12      14      15      16      17      18      19
  0.9736  0.0014  0.0014  0.0014  0.0014  0.0014  0.0014  0.0014  0.0014  0.0014
第2493个文档的主题分布：
      13       0       1       2       3       4       5       6       7       8       9      10      11      12      14      15      16      17      18      19
  0.9694  0.0016  0.0016  0.0016  0.0016  0.0016  0.0016  0.0016  0.0016  0.0016
第3411个文档的主题分布：
      13       0       1       2       3       4       5       6       7       8       9      10      11      12      14      15      16      17      18      19
  0.9635  0.0019  0.0019  0.0019  0.0019  0.0019  0.0019  0.0019  0.0019  0.0019
第568个文档的主题分布：
      13       0       1       2       3       4       5       6       7       8       9      10      11      12      14      15      16      17      18      19
  0.9548  0.0024  0.0024  0.0024  0.0024  0.0024  0.0024  0.0024  0.0024  0.0024
第5579个文档的主题分布：
      13       0       1       2       3       4       5       6       7       8       9      10      11      12      14      15      16      17      18      19
  0.9548  0.0024  0.0024  0.0024  0.0024  0.0024  0.0024  0.0024  0.0024  0.0024
第9130个文档的主题分布：
      13       0       1       2       3       4       5       6       7       8       9      10      11      12      14      15      16      17      18      19
  0.9548  0.0024  0.0024  0.0024  0.0024  0.0024  0.0024  0.0024  0.0024  0.0024
第1875个文档的主题分布：
      13       0       1       2       3       4       5       6       7       8       9      10      11      12      14      15      16      17      18      19
  0.9406  0.0031  0.0031  0.0031  0.0031  0.0031  0.0031  0.0031  0.0031  0.0031
第5669个文档的主题分布：
      13       0       1       2       3       4       5       6       7       8       9      10      11      12      14      15      16      17      18      19
  0.9406  0.0031  0.0031  0.0031  0.0031  0.0031  0.0031  0.0031  0.0031  0.0031
第6708个文档的主题分布：
      13       0       1       2       3       4       5       6       7       8       9      10      11      12      14      15      16      17      18      19
  0.9406  0.0031  0.0031  0.0031  0.0031  0.0031  0.0031  0.0031  0.0031  0.0031
第7069个文档的主题分布：
      13       0       1       2       3       4       5       6       7       8       9      10      11      12      14      15      16      17      18      19
  0.9406  0.0031  0.0031  0.0031  0.0031  0.0031  0.0031  0.0031  0.0031  0.0031
第8672个文档的主题分布：
      13       0       1       2       3       4       5       6       7       8       9      10      11      12      14      15      16      17      18      19
  0.9406  0.0031  0.0031  0.0031  0.0031  0.0031  0.0031  0.0031  0.0031  0.0031
第9155个文档的主题分布：
      13       0       1       2       3       4       5       6       7       8       9      10      11      12      14      15      16      17      18      19
  0.9406  0.0031  0.0031  0.0031  0.0031  0.0031  0.0031  0.0031  0.0031  0.0031
第9552个文档的主题分布：
      13       0       1       2       3       4       5       6       7       8       9      10      11      12      14      15      16      17      18      19
  0.9406  0.0031  0.0031  0.0031  0.0031  0.0031  0.0031  0.0031  0.0031  0.0031
第9670个文档的主题分布：
      13      15
  0.9346  0.0555
第77个文档的主题分布：
      13       0       1       2       3       4       5       6       7       8       9      10      11      12      14      15      16      17      18      19
  0.9136  0.0045  0.0045  0.0045  0.0045  0.0045  0.0045  0.0045  0.0045  0.0045
第1515个文档的主题分布：
      13       0       1       2       3       4       5       6       7       8       9      10      11      12      14      15      16      17      18      19
  0.9136  0.0045  0.0045  0.0045  0.0045  0.0045  0.0045  0.0045  0.0045  0.0045
第1783个文档的主题分布：
      13       0       1       2       3       4       5       6       7       8       9      10      11      12      14      15      16      17      18      19
  0.9136  0.0045  0.0045  0.0045  0.0045  0.0045  0.0045  0.0045  0.0045  0.0045
第14个主题的排名前20个文档：
第4402个文档的主题分布：
      14       0       1       2       3       4       5       6       7       8       9      10      11      12      13      15      16      17      18      19
  0.9768  0.0012  0.0012  0.0012  0.0012  0.0012  0.0012  0.0012  0.0012  0.0012
第530个文档的主题分布：
      14       0       1       2       3       4       5       6       7       8       9      10      11      12      13      15      16      17      18      19
  0.9694  0.0016  0.0016  0.0016  0.0016  0.0016  0.0016  0.0016  0.0016  0.0016
第901个文档的主题分布：
      14       0       1       2       3       4       5       6       7       8       9      10      11      12      13      15      16      17      18      19
  0.9635  0.0019  0.0019  0.0019  0.0019  0.0019  0.0019  0.0019  0.0019  0.0019
第3776个文档的主题分布：
      14       0       1       2       3       4       5       6       7       8       9      10      11      12      13      15      16      17      18      19
  0.9635  0.0019  0.0019  0.0019  0.0019  0.0019  0.0019  0.0019  0.0019  0.0019
第969个文档的主题分布：
      14       0       1       2       3       4       5       6       7       8       9      10      11      12      13      15      16      17      18      19
  0.9548  0.0024  0.0024  0.0024  0.0024  0.0024  0.0024  0.0024  0.0024  0.0024
第1987个文档的主题分布：
      14       0       1       2       3       4       5       6       7       8       9      10      11      12      13      15      16      17      18      19
  0.9548  0.0024  0.0024  0.0024  0.0024  0.0024  0.0024  0.0024  0.0024  0.0024
第5643个文档的主题分布：
      14       0       1       2       3       4       5       6       7       8       9      10      11      12      13      15      16      17      18      19
  0.9548  0.0024  0.0024  0.0024  0.0024  0.0024  0.0024  0.0024  0.0024  0.0024
第9038个文档的主题分布：
      14       0       1       2       3       4       5       6       7       8       9      10      11      12      13      15      16      17      18      19
  0.9548  0.0024  0.0024  0.0024  0.0024  0.0024  0.0024  0.0024  0.0024  0.0024
第1476个文档的主题分布：
      14       0       1       2       3       4       5       6       7       8       9      10      11      12      13      15      16      17      18      19
  0.9406  0.0031  0.0031  0.0031  0.0031  0.0031  0.0031  0.0031  0.0031  0.0031
第1945个文档的主题分布：
      14       0       1       2       3       4       5       6       7       8       9      10      11      12      13      15      16      17      18      19
  0.9406  0.0031  0.0031  0.0031  0.0031  0.0031  0.0031  0.0031  0.0031  0.0031
第2204个文档的主题分布：
      14       0       1       2       3       4       5       6       7       8       9      10      11      12      13      15      16      17      18      19
  0.9406  0.0031  0.0031  0.0031  0.0031  0.0031  0.0031  0.0031  0.0031  0.0031
第2700个文档的主题分布：
      14       0       1       2       3       4       5       6       7       8       9      10      11      12      13      15      16      17      18      19
  0.9406  0.0031  0.0031  0.0031  0.0031  0.0031  0.0031  0.0031  0.0031  0.0031
第2960个文档的主题分布：
      14       0       1       2       3       4       5       6       7       8       9      10      11      12      13      15      16      17      18      19
  0.9406  0.0031  0.0031  0.0031  0.0031  0.0031  0.0031  0.0031  0.0031  0.0031
第5317个文档的主题分布：
      14       0       1       2       3       4       5       6       7       8       9      10      11      12      13      15      16      17      18      19
  0.9406  0.0031  0.0031  0.0031  0.0031  0.0031  0.0031  0.0031  0.0031  0.0031
第6221个文档的主题分布：
      14       0       1       2       3       4       5       6       7       8       9      10      11      12      13      15      16      17      18      19
  0.9406  0.0031  0.0031  0.0031  0.0031  0.0031  0.0031  0.0031  0.0031  0.0031
第7012个文档的主题分布：
      14       0       1       2       3       4       5       6       7       8       9      10      11      12      13      15      16      17      18      19
  0.9406  0.0031  0.0031  0.0031  0.0031  0.0031  0.0031  0.0031  0.0031  0.0031
第7196个文档的主题分布：
      14       0       1       2       3       4       5       6       7       8       9      10      11      12      13      15      16      17      18      19
  0.9406  0.0031  0.0031  0.0031  0.0031  0.0031  0.0031  0.0031  0.0031  0.0031
第7511个文档的主题分布：
      14       0       1       2       3       4       5       6       7       8       9      10      11      12      13      15      16      17      18      19
  0.9406  0.0031  0.0031  0.0031  0.0031  0.0031  0.0031  0.0031  0.0031  0.0031
第7771个文档的主题分布：
      14       0       1       2       3       4       5       6       7       8       9      10      11      12      13      15      16      17      18      19
  0.9406  0.0031  0.0031  0.0031  0.0031  0.0031  0.0031  0.0031  0.0031  0.0031
第9837个文档的主题分布：
      14       0       1       2       3       4       5       6       7       8       9      10      11      12      13      15      16      17      18      19
  0.9406  0.0031  0.0031  0.0031  0.0031  0.0031  0.0031  0.0031  0.0031  0.0031
第342个文档的主题分布：
       8       0       1       2       3       4       5       6       7       9      10      11      12      13      14      15      16      17      18      19
  0.9136  0.0045  0.0045  0.0045  0.0045  0.0045  0.0045  0.0045  0.0045  0.0045
第15个主题的排名前20个文档：
第38个文档的主题分布：
      15
  0.9866
第257个文档的主题分布：
      15
  0.9866
第482个文档的主题分布：
      15
  0.9866
第1012个文档的主题分布：
      15
  0.9866
第3147个文档的主题分布：
      15
  0.9866
第4049个文档的主题分布：
      15
  0.9866
第4825个文档的主题分布：
      15
  0.9866
第5911个文档的主题分布：
      15
  0.9866
第7584个文档的主题分布：
      15
  0.9866
第8842个文档的主题分布：
      15
  0.9866
第9189个文档的主题分布：
      15
  0.9866
第9206个文档的主题分布：
      15
  0.9866
第656个文档的主题分布：
      15       0       1       2       3       4       5       6       7       8       9      10      11      12      13      14      16      17      18      19
  0.9694  0.0016  0.0016  0.0016  0.0016  0.0016  0.0016  0.0016  0.0016  0.0016
第1973个文档的主题分布：
      15       0       1       2       3       4       5       6       7       8       9      10      11      12      13      14      16      17      18      19
  0.9635  0.0019  0.0019  0.0019  0.0019  0.0019  0.0019  0.0019  0.0019  0.0019
第8655个文档的主题分布：
      15       0       1       2       3       4       5       6       7       8       9      10      11      12      13      14      16      17      18      19
  0.9635  0.0019  0.0019  0.0019  0.0019  0.0019  0.0019  0.0019  0.0019  0.0019
第3515个文档的主题分布：
      15       0       1       2       3       4       5       6       7       8       9      10      11      12      13      14      16      17      18      19
  0.9548  0.0024  0.0024  0.0024  0.0024  0.0024  0.0024  0.0024  0.0024  0.0024
第3517个文档的主题分布：
      15       0       1       2       3       4       5       6       7       8       9      10      11      12      13      14      16      17      18      19
  0.9548  0.0024  0.0024  0.0024  0.0024  0.0024  0.0024  0.0024  0.0024  0.0024
第4376个文档的主题分布：
      15       0       1       2       3       4       5       6       7       8       9      10      11      12      13      14      16      17      18      19
  0.9548  0.0024  0.0024  0.0024  0.0024  0.0024  0.0024  0.0024  0.0024  0.0024
第4820个文档的主题分布：
      15       0       1       2       3       4       5       6       7       8       9      10      11      12      13      14      16      17      18      19
  0.9548  0.0024  0.0024  0.0024  0.0024  0.0024  0.0024  0.0024  0.0024  0.0024
第5018个文档的主题分布：
      15       0       1       2       3       4       5       6       7       8       9      10      11      12      13      14      16      17      18      19
  0.9548  0.0024  0.0024  0.0024  0.0024  0.0024  0.0024  0.0024  0.0024  0.0024
第5823个文档的主题分布：
      15       0       1       2       3       4       5       6       7       8       9      10      11      12      13      14      16      17      18      19
  0.9548  0.0024  0.0024  0.0024  0.0024  0.0024  0.0024  0.0024  0.0024  0.0024
第16个主题的排名前20个文档：
第747个文档的主题分布：
      16
  0.9927
第8034个文档的主题分布：
      16
  0.9844
第1133个文档的主题分布：
      16       0       1       2       3       4       5       6       7       8       9      10      11      12      13      14      15      17      18      19
  0.9768  0.0012  0.0012  0.0012  0.0012  0.0012  0.0012  0.0012  0.0012  0.0012
第9794个文档的主题分布：
      16       0       1       2       3       4       5       6       7       8       9      10      11      12      13      14      15      17      18      19
  0.9768  0.0012  0.0012  0.0012  0.0012  0.0012  0.0012  0.0012  0.0012  0.0012
第2211个文档的主题分布：
      16       0       1       2       3       4       5       6       7       8       9      10      11      12      13      14      15      17      18      19
  0.9736  0.0014  0.0014  0.0014  0.0014  0.0014  0.0014  0.0014  0.0014  0.0014
第4700个文档的主题分布：
      16       0       1       2       3       4       5       6       7       8       9      10      11      12      13      14      15      17      18      19
  0.9736  0.0014  0.0014  0.0014  0.0014  0.0014  0.0014  0.0014  0.0014  0.0014
第5780个文档的主题分布：
      16       0       1       2       3       4       5       6       7       8       9      10      11      12      13      14      15      17      18      19
  0.9694  0.0016  0.0016  0.0016  0.0016  0.0016  0.0016  0.0016  0.0016  0.0016
第1961个文档的主题分布：
      16       0       1       2       3       4       5       6       7       8       9      10      11      12      13      14      15      17      18      19
  0.9635  0.0019  0.0019  0.0019  0.0019  0.0019  0.0019  0.0019  0.0019  0.0019
第4702个文档的主题分布：
      16       0       1       2       3       4       5       6       7       8       9      10      11      12      13      14      15      17      18      19
  0.9635  0.0019  0.0019  0.0019  0.0019  0.0019  0.0019  0.0019  0.0019  0.0019
第1984个文档的主题分布：
      16       0       1       2       3       4       5       6       7       8       9      10      11      12      13      14      15      17      18      19
  0.9548  0.0024  0.0024  0.0024  0.0024  0.0024  0.0024  0.0024  0.0024  0.0024
第4494个文档的主题分布：
      16       0       1       2       3       4       5       6       7       8       9      10      11      12      13      14      15      17      18      19
  0.9548  0.0024  0.0024  0.0024  0.0024  0.0024  0.0024  0.0024  0.0024  0.0024
第9862个文档的主题分布：
      16       0       1       2       3       4       5       6       7       8       9      10      11      12      13      14      15      17      18      19
  0.9548  0.0024  0.0024  0.0024  0.0024  0.0024  0.0024  0.0024  0.0024  0.0024
第510个文档的主题分布：
      16       0       1       2       3       4       5       6       7       8       9      10      11      12      13      14      15      17      18      19
  0.9406  0.0031  0.0031  0.0031  0.0031  0.0031  0.0031  0.0031  0.0031  0.0031
第532个文档的主题分布：
      12       0       1       2       3       4       5       6       7       8       9      10      11      13      14      15      16      17      18      19
  0.9406  0.0031  0.0031  0.0031  0.0031  0.0031  0.0031  0.0031  0.0031  0.0031
第573个文档的主题分布：
      16       0       1       2       3       4       5       6       7       8       9      10      11      12      13      14      15      17      18      19
  0.9406  0.0031  0.0031  0.0031  0.0031  0.0031  0.0031  0.0031  0.0031  0.0031
第1247个文档的主题分布：
      16       0       1       2       3       4       5       6       7       8       9      10      11      12      13      14      15      17      18      19
  0.9406  0.0031  0.0031  0.0031  0.0031  0.0031  0.0031  0.0031  0.0031  0.0031
第1603个文档的主题分布：
      16       0       1       2       3       4       5       6       7       8       9      10      11      12      13      14      15      17      18      19
  0.9406  0.0031  0.0031  0.0031  0.0031  0.0031  0.0031  0.0031  0.0031  0.0031
第1830个文档的主题分布：
      16       0       1       2       3       4       5       6       7       8       9      10      11      12      13      14      15      17      18      19
  0.9406  0.0031  0.0031  0.0031  0.0031  0.0031  0.0031  0.0031  0.0031  0.0031
第2054个文档的主题分布：
      16       0       1       2       3       4       5       6       7       8       9      10      11      12      13      14      15      17      18      19
  0.9406  0.0031  0.0031  0.0031  0.0031  0.0031  0.0031  0.0031  0.0031  0.0031
第2310个文档的主题分布：
      16       0       1       2       3       4       5       6       7       8       9      10      11      12      13      14      15      17      18      19
  0.9406  0.0031  0.0031  0.0031  0.0031  0.0031  0.0031  0.0031  0.0031  0.0031
第6026个文档的主题分布：
      16       0       1       2       3       4       5       6       7       8       9      10      11      12      13      14      15      17      18      19
  0.9406  0.0031  0.0031  0.0031  0.0031  0.0031  0.0031  0.0031  0.0031  0.0031
第17个主题的排名前20个文档：
第1个文档的主题分布：
      17
  0.9946
第8854个文档的主题分布：
      17       0       1       2       3       4       5       6       7       8       9      10      11      12      13      14      15      16      18      19
  0.9635  0.0019  0.0019  0.0019  0.0019  0.0019  0.0019  0.0019  0.0019  0.0019
第1486个文档的主题分布：
      17       1
  0.9562  0.0371
第3476个文档的主题分布：
      17       1
  0.9562  0.0371
第36个文档的主题分布：
      17       1
  0.9562  0.0371
第9289个文档的主题分布：
      17       1
  0.9562  0.0371
第5439个文档的主题分布：
      17       4
  0.9464  0.0455
第315个文档的主题分布：
      17       0       1       2       3       4       5       6       7       8       9      10      11      12      13      14      15      16      18      19
  0.9406  0.0031  0.0031  0.0031  0.0031  0.0031  0.0031  0.0031  0.0031  0.0031
第878个文档的主题分布：
      17       0       1       2       3       4       5       6       7       8       9      10      11      12      13      14      15      16      18      19
  0.9406  0.0031  0.0031  0.0031  0.0031  0.0031  0.0031  0.0031  0.0031  0.0031
第1481个文档的主题分布：
      17       0       1       2       3       4       5       6       7       8       9      10      11      12      13      14      15      16      18      19
  0.9406  0.0031  0.0031  0.0031  0.0031  0.0031  0.0031  0.0031  0.0031  0.0031
第4674个文档的主题分布：
      17       0       1       2       3       4       5       6       7       8       9      10      11      12      13      14      15      16      18      19
  0.9406  0.0031  0.0031  0.0031  0.0031  0.0031  0.0031  0.0031  0.0031  0.0031
第4771个文档的主题分布：
      17       0       1       2       3       4       5       6       7       8       9      10      11      12      13      14      15      16      18      19
  0.9406  0.0031  0.0031  0.0031  0.0031  0.0031  0.0031  0.0031  0.0031  0.0031
第6475个文档的主题分布：
      17       0       1       2       3       4       5       6       7       8       9      10      11      12      13      14      15      16      18      19
  0.9406  0.0031  0.0031  0.0031  0.0031  0.0031  0.0031  0.0031  0.0031  0.0031
第7736个文档的主题分布：
      17       0       1       2       3       4       5       6       7       8       9      10      11      12      13      14      15      16      18      19
  0.9406  0.0031  0.0031  0.0031  0.0031  0.0031  0.0031  0.0031  0.0031  0.0031
第7888个文档的主题分布：
      17       0       1       2       3       4       5       6       7       8       9      10      11      12      13      14      15      16      18      19
  0.9406  0.0031  0.0031  0.0031  0.0031  0.0031  0.0031  0.0031  0.0031  0.0031
第8935个文档的主题分布：
      17       0       1       2       3       4       5       6       7       8       9      10      11      12      13      14      15      16      18      19
  0.9406  0.0031  0.0031  0.0031  0.0031  0.0031  0.0031  0.0031  0.0031  0.0031
第5408个文档的主题分布：
      17       1       4
  0.9250  0.0346  0.0346
第5455个文档的主题分布：
      17       1       4
  0.9250  0.0346  0.0346
第6924个文档的主题分布：
      17       1       4
  0.9250  0.0346  0.0346
第61个文档的主题分布：
      17       0       1       2       3       4       5       6       7       8       9      10      11      12      13      14      15      16      18      19
  0.9136  0.0045  0.0045  0.0045  0.0045  0.0045  0.0045  0.0045  0.0045  0.0045
第713个文档的主题分布：
      17       0       1       2       3       4       5       6       7       8       9      10      11      12      13      14      15      16      18      19
  0.9136  0.0045  0.0045  0.0045  0.0045  0.0045  0.0045  0.0045  0.0045  0.0045
第18个主题的排名前20个文档：
第3031个文档的主题分布：
      18
  0.9830
第6138个文档的主题分布：
      18       0       1       2       3       4       5       6       7       8       9      10      11      12      13      14      15      16      17      19
  0.9694  0.0016  0.0016  0.0016  0.0016  0.0016  0.0016  0.0016  0.0016  0.0016
第1921个文档的主题分布：
      18       0       1       2       3       4       5       6       7       8       9      10      11      12      13      14      15      16      17      19
  0.9635  0.0019  0.0019  0.0019  0.0019  0.0019  0.0019  0.0019  0.0019  0.0019
第5230个文档的主题分布：
      18       0       1       2       3       4       5       6       7       8       9      10      11      12      13      14      15      16      17      19
  0.9635  0.0019  0.0019  0.0019  0.0019  0.0019  0.0019  0.0019  0.0019  0.0019
第566个文档的主题分布：
      18       0       1       2       3       4       5       6       7       8       9      10      11      12      13      14      15      16      17      19
  0.9548  0.0024  0.0024  0.0024  0.0024  0.0024  0.0024  0.0024  0.0024  0.0024
第3650个文档的主题分布：
      18       0       1       2       3       4       5       6       7       8       9      10      11      12      13      14      15      16      17      19
  0.9548  0.0024  0.0024  0.0024  0.0024  0.0024  0.0024  0.0024  0.0024  0.0024
第3978个文档的主题分布：
      18       0       1       2       3       4       5       6       7       8       9      10      11      12      13      14      15      16      17      19
  0.9548  0.0024  0.0024  0.0024  0.0024  0.0024  0.0024  0.0024  0.0024  0.0024
第8737个文档的主题分布：
      18       0       1       2       3       4       5       6       7       8       9      10      11      12      13      14      15      16      17      19
  0.9548  0.0024  0.0024  0.0024  0.0024  0.0024  0.0024  0.0024  0.0024  0.0024
第4488个文档的主题分布：
      18       0       1       2       3       4       5       6       7       8       9      10      11      12      13      14      15      16      17      19
  0.9406  0.0031  0.0031  0.0031  0.0031  0.0031  0.0031  0.0031  0.0031  0.0031
第6045个文档的主题分布：
      18       0       1       2       3       4       5       6       7       8       9      10      11      12      13      14      15      16      17      19
  0.9406  0.0031  0.0031  0.0031  0.0031  0.0031  0.0031  0.0031  0.0031  0.0031
第6685个文档的主题分布：
      18       0       1       2       3       4       5       6       7       8       9      10      11      12      13      14      15      16      17      19
  0.9406  0.0031  0.0031  0.0031  0.0031  0.0031  0.0031  0.0031  0.0031  0.0031
第7708个文档的主题分布：
      18       0       1       2       3       4       5       6       7       8       9      10      11      12      13      14      15      16      17      19
  0.9406  0.0031  0.0031  0.0031  0.0031  0.0031  0.0031  0.0031  0.0031  0.0031
第9876个文档的主题分布：
      18       0       1       2       3       4       5       6       7       8       9      10      11      12      13      14      15      16      17      19
  0.9406  0.0031  0.0031  0.0031  0.0031  0.0031  0.0031  0.0031  0.0031  0.0031
第81个文档的主题分布：
      18       0       1       2       3       4       5       6       7       8       9      10      11      12      13      14      15      16      17      19
  0.9136  0.0045  0.0045  0.0045  0.0045  0.0045  0.0045  0.0045  0.0045  0.0045
第479个文档的主题分布：
      18       0       1       2       3       4       5       6       7       8       9      10      11      12      13      14      15      16      17      19
  0.9136  0.0045  0.0045  0.0045  0.0045  0.0045  0.0045  0.0045  0.0045  0.0045
第641个文档的主题分布：
      18       0       1       2       3       4       5       6       7       8       9      10      11      12      13      14      15      16      17      19
  0.9136  0.0045  0.0045  0.0045  0.0045  0.0045  0.0045  0.0045  0.0045  0.0045
第1158个文档的主题分布：
      18       0       1       2       3       4       5       6       7       8       9      10      11      12      13      14      15      16      17      19
  0.9136  0.0045  0.0045  0.0045  0.0045  0.0045  0.0045  0.0045  0.0045  0.0045
第1939个文档的主题分布：
      18       0       1       2       3       4       5       6       7       8       9      10      11      12      13      14      15      16      17      19
  0.9136  0.0045  0.0045  0.0045  0.0045  0.0045  0.0045  0.0045  0.0045  0.0045
第2290个文档的主题分布：
      18       0       1       2       3       4       5       6       7       8       9      10      11      12      13      14      15      16      17      19
  0.9136  0.0045  0.0045  0.0045  0.0045  0.0045  0.0045  0.0045  0.0045  0.0045
第2528个文档的主题分布：
      18       0       1       2       3       4       5       6       7       8       9      10      11      12      13      14      15      16      17      19
  0.9136  0.0045  0.0045  0.0045  0.0045  0.0045  0.0045  0.0045  0.0045  0.0045
第3817个文档的主题分布：
      18       0       1       2       3       4       5       6       7       8       9      10      11      12      13      14      15      16      17      19
  0.9136  0.0045  0.0045  0.0045  0.0045  0.0045  0.0045  0.0045  0.0045  0.0045
第19个主题的排名前20个文档：
第146个文档的主题分布：
      19       0       1       2       3       4       5       6       7       8       9      10      11      12      13      14      15      16      17      18
  0.9736  0.0014  0.0014  0.0014  0.0014  0.0014  0.0014  0.0014  0.0014  0.0014
第78个文档的主题分布：
      19       0       1       2       3       4       5       6       7       8       9      10      11      12      13      14      15      16      17      18
  0.9635  0.0019  0.0019  0.0019  0.0019  0.0019  0.0019  0.0019  0.0019  0.0019
第114个文档的主题分布：
      19       0       1       2       3       4       5       6       7       8       9      10      11      12      13      14      15      16      17      18
  0.9635  0.0019  0.0019  0.0019  0.0019  0.0019  0.0019  0.0019  0.0019  0.0019
第2184个文档的主题分布：
      19       0       1       2       3       4       5       6       7       8       9      10      11      12      13      14      15      16      17      18
  0.9635  0.0019  0.0019  0.0019  0.0019  0.0019  0.0019  0.0019  0.0019  0.0019
第2677个文档的主题分布：
      19       0       1       2       3       4       5       6       7       8       9      10      11      12      13      14      15      16      17      18
  0.9635  0.0019  0.0019  0.0019  0.0019  0.0019  0.0019  0.0019  0.0019  0.0019
第9844个文档的主题分布：
      19       0       1       2       3       4       5       6       7       8       9      10      11      12      13      14      15      16      17      18
  0.9635  0.0019  0.0019  0.0019  0.0019  0.0019  0.0019  0.0019  0.0019  0.0019
第1480个文档的主题分布：
      19       0       1       2       3       4       5       6       7       8       9      10      11      12      13      14      15      16      17      18
  0.9548  0.0024  0.0024  0.0024  0.0024  0.0024  0.0024  0.0024  0.0024  0.0024
第1657个文档的主题分布：
      19       0       1       2       3       4       5       6       7       8       9      10      11      12      13      14      15      16      17      18
  0.9548  0.0024  0.0024  0.0024  0.0024  0.0024  0.0024  0.0024  0.0024  0.0024
第2183个文档的主题分布：
      19       0       1       2       3       4       5       6       7       8       9      10      11      12      13      14      15      16      17      18
  0.9548  0.0024  0.0024  0.0024  0.0024  0.0024  0.0024  0.0024  0.0024  0.0024
第182个文档的主题分布：
      19       0       1       2       3       4       5       6       7       8       9      10      11      12      13      14      15      16      17      18
  0.9406  0.0031  0.0031  0.0031  0.0031  0.0031  0.0031  0.0031  0.0031  0.0031
第1861个文档的主题分布：
      19       0       1       2       3       4       5       6       7       8       9      10      11      12      13      14      15      16      17      18
  0.9406  0.0031  0.0031  0.0031  0.0031  0.0031  0.0031  0.0031  0.0031  0.0031
第1863个文档的主题分布：
      19       0       1       2       3       4       5       6       7       8       9      10      11      12      13      14      15      16      17      18
  0.9406  0.0031  0.0031  0.0031  0.0031  0.0031  0.0031  0.0031  0.0031  0.0031
第1865个文档的主题分布：
      19       0       1       2       3       4       5       6       7       8       9      10      11      12      13      14      15      16      17      18
  0.9406  0.0031  0.0031  0.0031  0.0031  0.0031  0.0031  0.0031  0.0031  0.0031
第2286个文档的主题分布：
      19       0       1       2       3       4       5       6       7       8       9      10      11      12      13      14      15      16      17      18
  0.9406  0.0031  0.0031  0.0031  0.0031  0.0031  0.0031  0.0031  0.0031  0.0031
第3148个文档的主题分布：
      19       0       1       2       3       4       5       6       7       8       9      10      11      12      13      14      15      16      17      18
  0.9406  0.0031  0.0031  0.0031  0.0031  0.0031  0.0031  0.0031  0.0031  0.0031
第4314个文档的主题分布：
      19       0       1       2       3       4       5       6       7       8       9      10      11      12      13      14      15      16      17      18
  0.9406  0.0031  0.0031  0.0031  0.0031  0.0031  0.0031  0.0031  0.0031  0.0031
第4650个文档的主题分布：
      19       0       1       2       3       4       5       6       7       8       9      10      11      12      13      14      15      16      17      18
  0.9406  0.0031  0.0031  0.0031  0.0031  0.0031  0.0031  0.0031  0.0031  0.0031
第4789个文档的主题分布：
      19       0       1       2       3       4       5       6       7       8       9      10      11      12      13      14      15      16      17      18
  0.9406  0.0031  0.0031  0.0031  0.0031  0.0031  0.0031  0.0031  0.0031  0.0031
第6355个文档的主题分布：
      19       0       1       2       3       4       5       6       7       8       9      10      11      12      13      14      15      16      17      18
  0.9406  0.0031  0.0031  0.0031  0.0031  0.0031  0.0031  0.0031  0.0031  0.0031
第7356个文档的主题分布：
      19       0       1       2       3       4       5       6       7       8       9      10      11      12      13      14      15      16      17      18
  0.9406  0.0031  0.0031  0.0031  0.0031  0.0031  0.0031  0.0031  0.0031  0.0031
第56个文档的主题分布：
      19       0       1       2       3       4       5       6       7       8       9      10      11      12      13      14      15      16      17      18
  0.9136  0.0045  0.0045  0.0045  0.0045  0.0045  0.0045  0.0045  0.0045  0.0045
***************************所有主题的单词分布***************************

主题#0：	
词：	红包	签到	惊喜	专属	抽到	一个	也许	更大	飞	Boomshakalaka	
概率：	  0.1831  0.0981  0.0591  0.0498  0.0387  0.0382  0.0287  0.0278  0.0255  0.0234
主题#1：	
词：	活动	告诉	手机	试试	大奖	参加	机会	沈阳	人品	超值	
概率：	  0.1132  0.0922  0.0712  0.0687  0.0156  0.0139  0.0138  0.0134  0.0121  0.0118
主题#2：	
词：	看到	笑	同意	男人	正品	懂	收藏	今年	发生	一次	
概率：	  0.0243  0.0179  0.0109  0.0107  0.0091  0.0087  0.0085  0.0081  0.0079  0.0079
主题#3：	
词：	独特	Young	保湿	补水	发表	重要	下午	病情	社会	丢	
概率：	  0.0442  0.0430  0.0152  0.0125  0.0112  0.0103  0.0099  0.0095  0.0078  0.0065
主题#4：	
词：	每天	女人	哈哈哈	百度	公司	最后	所有	风格	抽奖	真	
概率：	  0.0966  0.0149  0.0132  0.0132  0.0116  0.0105  0.0102  0.0095  0.0094  0.0093
主题#5：	
词：	这次	吃	关注	电影	成功	宝贝	搞笑	晚上	节目	新年	
概率：	  0.0983  0.0321  0.0304  0.0274  0.0132  0.0100  0.0091  0.0091  0.0082  0.0078
主题#6：	
词：	卡片	背景	high	礼物	话费	当时	幸福	福利	拍	券	
概率：	  0.0925  0.0689  0.0510  0.0490  0.0473  0.0247  0.0135  0.0131  0.0128  0.0118
主题#7：	
词：	爱	希望	心情	觉得	世界	一天	永远	了解	热门	秒	
概率：	  0.0466  0.0358  0.0296  0.0291  0.0277  0.0235  0.0234  0.0157  0.0111  0.0103
主题#8：	
词：	等级	专享	享好	一下	分享	记录	身	围观	图片	这种	
概率：	  0.1734  0.0642  0.0439  0.0380  0.0289  0.0260  0.0239  0.0230  0.0209  0.0190
主题#9：	
词：	会员	五周年	领取	有礼	High	嘉年华	获得	翻天	免费	现金	
概率：	  0.1415  0.0683  0.0573  0.0351  0.0342  0.0342  0.0267  0.0230  0.0146  0.0137
主题#10：	
词：	五岁	孩子	努力	加油	只	妈妈	容易	变得	更好	黑	
概率：	  0.0894  0.0200  0.0161  0.0139  0.0136  0.0133  0.0130  0.0105  0.0098  0.0098
主题#11：	
词：	挂件	头像	碎片	千纸鹤	话题	流量	视频	上班	美	唱	
概率：	  0.1029  0.1022  0.0653  0.0515  0.0208  0.0171  0.0133  0.0115  0.0078  0.0076
主题#12：	
词：	星星	TFBOYS	运动	永久	跨年	资讯	呵呵	美拍	主页	减肥	
概率：	  0.0417  0.0226  0.0209  0.0188  0.0112  0.0112  0.0108  0.0105  0.0094  0.0090
主题#13：	
词：	换上	生活	人生	发现	红	生日快乐	主编	恢复	放弃	学习	
概率：	  0.0469  0.0436  0.0319  0.0233  0.0152  0.0124  0.0115  0.0102  0.0089  0.0078
主题#14：	
词：	喜欢	钱	知道	不想	一直	心里	总是	交警队	上海	歌手	
概率：	  0.0527  0.0438  0.0366  0.0162  0.0136  0.0129  0.0125  0.0124  0.0112  0.0112
主题#15：	
词：	网页	分享	刚刚	朋友	不错	微	看看	网	韩国	新版	
概率：	  0.1632  0.0503  0.0353  0.0275  0.0229  0.0226  0.0215  0.0194  0.0172  0.0144
主题#16：	
词：	家具	米	适合	不到	天天	听说	睡觉	好玩	停下	地中海	
概率：	  0.0161  0.0120  0.0115  0.0114  0.0107  0.0102  0.0100  0.0097  0.0096  0.0090
主题#17：	
词：	一起	青春	悄悄	致	网页	下载	地址	新浪	体验	感觉	
概率：	  0.1220  0.0891  0.0609  0.0581  0.0408  0.0296  0.0233  0.0232  0.0159  0.0157
主题#18：	
词：	嗨	奖品	现在	放大	今天	一定	事	太	对方	东西	
概率：	  0.0878  0.0443  0.0418  0.0394  0.0383  0.0251  0.0245  0.0213  0.0135  0.0134
主题#19：	
词：	快来	正	真的	投票	找	表态	投给	选项	发起	想要	
概率：	  0.0407  0.0380  0.0271  0.0241  0.0212  0.0194  0.0188  0.0186  0.0179  0.0161